40.4169 16.8094
50.1261 12.868
59.1595 12.0959
67.7505 12.7665
77.6208 16.5604
33.2675 33.7469
41.7991 33.7469
50.5103 33.7469
59.1371 33.7469
67.6958 33.7469
76.7794 33.7469
85.4769 33.7469
30.6082 54.2298
40.0722 54.2298
49.4605 54.2298
58.6312 54.2298
68.0161 54.2298
77.5314 54.2298
86.7813 54.2298
29.2636 73.608
39.2657 73.5759
48.9778 73.5452
58.4534 73.5313
68.2399 73.5313
77.7354 73.5313
87.1048 73.5313
28.2208 92.7289
38.2236 92.6969
47.9967 92.6662
57.754 92.6367
67.6338 92.6212
77.1768 92.6212
86.9955 92.6212
27.1323 111.611
37.1296 111.611
47.1116 111.611
57.2327 111.596
67.0769 111.58
76.812 111.58
87.1689 111.58
25.9069 130.219
35.9756 130.219
46.0761 130.219
56.2085 130.219
66.564 130.219
76.8557 130.219
87.2973 130.219
21.7396 147.692
32.3499 147.692
42.9124 147.692
53.7618 147.692
65.1209 147.692
76.1828 147.692
87.0282 147.692
15.5724 164.717
27.3138 164.717
39.0394 164.717
50.8765 164.717
62.8569 164.717
74.6428 164.717
86.4606 164.717
11.6185 180.529
24.2681 180.529
36.5672 180.529
48.7069 180.529
61.1812 180.529
73.6855 180.529
85.9666 180.529
8.81494 195.227
21.7035 195.227
34.1937 195.227
46.4609 195.227
59.4929 195.227
72.3724 195.227
84.654 195.227
7.50841 210.149
20.0624 210.149
32.3455 210.149
44.4534 210.149
57.0233 210.149
69.5049 210.149
81.7868 210.149
8.30443 225.993
19.7751 225.993
30.9111 225.993
42.4455 225.993
54.0755 225.993
65.4896 225.993
76.6169 225.993
12.1568 242.503
23.1814 242.503
34.2856 242.503
45.5491 242.503
56.8999 242.503
67.7408 242.503
21.0311 256.059
31.8191 259.316
42.302 259.204
54.306 255.911