60.4671 33.7469
60.6549 33.7469
60.2129 33.7469
60.2918 33.7469
59.9265 33.7469
60.0673 33.7469
60.2122 33.7469
60.1383 33.7469
60.2306 33.7469
60.3746 33.7469
60.3561 33.7469
60.3906 33.7469
60.4501 33.7469
60.2843 33.7469
60.3432 33.7469
60.375 38.667
60.3357 38.5074
60.7585 44.1254
60.8217 43.9705
59.6758 47.8606
59.2024 42.5981
59.6758 47.8606
59.7201 47.9287
60.7585 44.1254
59.8699 48.4251
60.971 44.3394
60.9078 44.5058
60.9249 44.6196
60.9803 44.6775
61.0473 44.795
60.9081 44.795
60.9826 44.9761
60.9826 44.9761
60.9826 44.9761
60.9595 53.008
59.8449 51.0154
59.711 51.2021
59.7498 57.294
60.041 53.5823
59.7126 57.6678
59.5681 61.1165
58.0073 68.3367
57.8158 72.747
60.1589 72.2721
58.1631 80.729
58.0832 82.808
0 0
0 0
0 0
0 0
58.0638 111.098
56.973 117.85
57.0167 123.686
57.4531 129.36
56.6373 136.328
0 0
0 0
0 0
56.5417 165.453
56.4206 170.56
55.8704 176.131
55.2227 187.586
54.959 187.804
54.6388 187.975
54.5524 188.167
54.1297 188.415
53.8733 188.533
53.7031 188.705
53.5708 188.892
53.1734 189.1
52.8324 189.385
52.4975 189.636
51.9163 190.038
51.386 190.404
50.9423 190.783
49.911 191.474
49.2459 192.002
48.5236 192.597
48.0644 193.092
47.0883 193.828
46.9192 193.966
46.4987 194.27
45.5617 194.386
46.3578 194.115
42.2044 196.161
42.677 196.377
0 0
0 0
0 0
0 0
0 0
0 0
0 0
0 0
0 0
0 0
0 0
0 0
0 0
0 0
0 0
0 0
0 0
0 0
0 0
0 0
0 0
0 0
0 0
0 0
0 0
0 0
0 0
0 0
0 0
0 0
0 0
0 0
0 0
0 0
0 0
0 0
0 0
0 0
0 0
0 0
0 0
0 0
0 0
0 0
0 0
0 0
0 0
0 0
0 0
0 0
0 0
0 0
0 0
0 0
0 0
72.2376 33.7469
67.1853 33.7469
0 0
0 0
0 0
61.6766 33.7469
61.4921 33.7469
61.2632 33.7469
61.3109 33.7469
61.1072 33.7469
0 0
0 0
0 0
0 0
60.7811 45.7182
60.7375 39.6477
60.6894 45.6604
0 0
0 0
0 0
0 0
56.2371 88.9122
56.2822 91.4204
55.7975 99.0348
54.4368 107.111
54.9775 112.345
0 0
0 0
0 0
0 0
0 0
0 0
0 0
0 0
51.8344 158.729
51.6699 166.47
51.4872 168.055
0 0
0 0
0 0
50.3166 181.442
49.7713 189.933
49.2772 190.399
49.4334 190.282
0 0
0 0
0 0
0 0
0 0
0 0
49.5163 190.709
49.7348 190.7
49.8472 190.716
49.8089 190.856
0 0
0 0
0 0
0 0
0 0
0 0
50.1793 191.368
50.3753 191.535
50.3759 191.669
50.5921 191.782
50.5196 192.02
50.3016 192.354
50.0818 192.664
49.5555 193.183
49.4704 193.555
48.8701 193.967
48.7611 194.181
48.4108 194.395
48.7505 193.988
49.1766 193.82
49.7021 193.247
49.899 193.016
50.6438 192.773
48.0687 193.88
45.4045 195.935
53.9078 195.227
59.4929 195.227
0 0
0 0
0 0
0 0
0 0
0 0
0 0
0 0
0 0
0 0
0 0
0 0
0 0
0 0
0 0
0 0
0 0
0 0
0 0
0 0
0 0
0 0
0 0
0 0
0 0
0 0
0 0
0 0
0 0
0 0
0 0
0 0
0 0
0 0
0 0
0 0
0 0
0 0
0 0
0 0
0 0
0 0
0 0
76.7794 33.7469
67.1716 33.7469
65.8135 33.7469
62.4287 33.7469
61.724 33.7469
61.2303 33.7469
61.1072 33.7469
61.0365 33.7469
61.2155 33.7469
61.3168 33.7469
61.7716 39.9272
61.5755 45.8952
61.4032 45.8952
62.2022 54.628
62.0489 56.528
62.2885 65.3676
62.4843 67.8355
62.6043 74.9791
60.7984 86.0602
60.4165 94.3321
59.942 103.131
60.5686 108.95
59.4069 117.9
59.1937 123.799
58.9678 131.407
57.4933 140.376
0 0
0 0
0 0
56.2799 164.347
55.7919 169.098
0 0
0 0
0 0
0 0
0 0
0 0
0 0
0 0
0 0
0 0
52.8432 188.695
52.9354 188.635
52.8833 188.705
52.8807 188.787
52.9389 188.732
52.9341 188.776
52.9608 188.859
52.9725 188.923
52.9928 188.935
52.7614 189.125
52.9807 189.105
0 0
0 0
52.6952 189.493
52.7421 189.489
52.5593 189.685
52.4739 189.77
52.4561 189.914
52.4677 190.026
52.5138 190.148
52.4799 190.338
52.3508 190.582
52.3308 190.808
52.0202 191.127
51.6751 191.506
51.1847 191.936
50.664 192.307
50.1311 192.588
49.8452 192.766
0 0
0 0
0 0
0 0
48.8778 191.553
48.6449 192.248
48.8808 189.574
52.5929 190.208
53.9078 195.227
0 0
0 0
0 0
0 0
0 0
0 0
0 0
0 0
0 0
0 0
0 0
0 0
0 0
0 0
0 0
0 0
0 0
0 0
0 0
0 0
0 0
0 0
0 0
0 0
0 0
0 0
0 0
0 0
0 0
0 0
0 0
0 0
0 0
0 0
0 0
0 0
0 0
0 0
0 0
0 0
0 0
0 0
0 0
76.7794 33.7469
66.484 33.7469
65.8676 33.7469
62.8809 33.7469
61.6253 33.7469
61.1044 33.7469
0 0
0 0
0 0
61.1314 33.7469
61.5593 47.0055
61.5261 47.0772
62.3313 58.7835
62.9754 62.855
62.5507 70.1388
63.0414 75.9182
60.7909 87.3981
59.8057 96.6973
59.6344 101.114
58.4679 111.155
57.6716 120.876
57.1889 125.817
0 0
0 0
0 0
0 0
55.0102 156.339
54.6842 165.751
54.3581 170.615
53.8043 175.878
52.9723 184.643
0 0
0 0
0 0
0 0
0 0
51.6878 189.325
51.4982 189.423
0 0
0 0
0 0
51.1268 189.83
51.07 189.797
51.3713 189.723
50.9411 190.033
51.0232 190.041
50.9825 190.1
51.057 190.081
50.7944 190.359
50.7493 190.398
50.945 190.35
0 0
0 0
0 0
0 0
50.5624 190.907
0 0
0 0
0 0
0 0
0 0
0 0
48.7952 192.726
48.4378 193.15
48.0666 193.634
47.2504 194.254
46.8649 194.739
46.233 195.188
46.0101 195.451
45.7378 195.285
45.3945 195.394
45.9999 194.948
46.6547 194.184
41.9531 196.528
42.6162 195.425
40.5458 198.587
53.9078 195.227
0 0
0 0
0 0
0 0
0 0
0 0
0 0
0 0
0 0
0 0
0 0
0 0
0 0
0 0
0 0
0 0
0 0
0 0
0 0
0 0
0 0
0 0
0 0
0 0
0 0
0 0
0 0
0 0
0 0
0 0
0 0
0 0
0 0
0 0
0 0
0 0
0 0
0 0
0 0
0 0
0 0
0 0
0 0
0 0
0 0
0 0
66.7457 33.7469
66.2953 33.7469
62.0111 33.7469
61.3162 33.7469
60.9825 33.7469
60.6518 33.7469
60.7854 33.7469
0 0
0 0
61.6391 47.4474
61.5261 47.0772
61.2576 46.8644
61.8579 53.906
61.4508 61.1391
61.3842 62.2188
62.071 66.4577
60.8623 71.7271
59.9759 78.0438
59.9971 81.3886
59.4484 89.9505
59.7348 92.9879
59.4406 98.4457
57.96 108.33
57.7441 113.696
57.0964 119.73
56.7164 125.1
55.8248 132.162
55.641 135.109
55.3626 139.492
54.9455 143.585
54.5336 146.493
54.361 149.625
54.0798 153.148
53.7675 156.404
52.8209 159.733
53.5997 164.95
53.0276 169.551
52.6769 172.087
52.5479 173.846
52.0433 175.928
51.7005 180.291
51.4687 180.766
50.5477 189.491
50.7759 189.336
50.7775 189.486
0 0
0 0
0 0
0 0
0 0
0 0
0 0
50.2954 190.437
50.2233 190.541
50.2318 190.558
49.8604 190.917
49.9017 190.914
49.7409 191.153
49.7639 191.348
49.7554 191.527
49.8038 191.673
0 0
0 0
0 0
0 0
0 0
46.9174 194.306
46.2885 194.597
0 0
0 0
0 0
44.0141 194.564
44.1866 193.955
42.7142 194.181
42.699 194.581
43.3065 193.223
42.1971 195.227
0 0
0 0
0 0
0 0
0 0
0 0
0 0
0 0
0 0
0 0
0 0
0 0
0 0
0 0
0 0
0 0
0 0
0 0
0 0
0 0
0 0
0 0
0 0
0 0
0 0
0 0
0 0
0 0
0 0
0 0
0 0
0 0
0 0
0 0
0 0
0 0
0 0
0 0
0 0
0 0
0 0
0 0
0 0
0 0
0 0
0 0
0 0
63.6485 33.7469
62.5886 33.7469
61.724 33.7469
61.2632 33.7469
61.2454 33.7469
61.0858 33.7469
61.0602 33.7469
61.416 46.2019
61.4251 45.7766
61.2776 45.6604
61.3105 47.4565
61.6755 52.2279
62.2754 58.6969
61.8808 63.0174
62.0344 66.4554
60.7212 72.2144
60.2441 80.5055
60.2036 85.9909
59.8431 94.1117
59.795 99.3455
59.7758 106.446
59.8494 111.663
59.0828 118.791
58.852 124.992
58.6364 131.335
58.2171 137.44
57.1378 143.882
56.2394 148.835
56.3561 151.238
56.3094 156.511
56.4919 163.77
55.7318 168.076
55.768 169.432
55.5654 173.217
55.2855 174.84
55.3506 183.199
54.3676 188.005
54.0333 187.977
54.2341 187.95
54.2861 187.919
54.0608 188.299
54.1978 188.143
53.9177 188.301
54.1769 188.175
53.959 188.441
54.1197 188.246
54.1956 188.298
54.101 188.347
53.8096 188.605
53.7962 188.604
53.7748 188.731
53.4978 188.982
53.5385 188.964
53.6631 189.043
53.4426 189.23
53.3765 189.388
53.3137 189.521
53.1983 189.683
53.2413 189.83
53.089 190.072
53.0817 190.226
0 0
0 0
0 0
52.116 191.534
51.8691 191.697
51.5216 191.828
0 0
0 0
0 0
0 0
0 0
54.6911 187.599
53.4707 189.978
49.5889 191.028
53.9078 195.227
0 0
0 0
0 0
0 0
0 0
0 0
0 0
0 0
0 0
0 0
0 0
0 0
0 0
0 0
0 0
0 0
0 0
0 0
0 0
0 0
0 0
0 0
0 0
0 0
0 0
0 0
0 0
0 0
0 0
0 0
0 0
0 0
0 0
0 0
0 0
0 0
0 0
0 0
0 0
0 0
0 0
0 0
0 0
0 0
72.2376 33.7469
65.6692 33.7469
62.2683 33.7469
61.5558 33.7469
61.0252 33.7469
60.7679 33.7469
60.693 33.7469
60.7685 33.7469
61.4661 40.2345
61.4391 46.5912
61.4938 46.3936
61.4251 48.2068
61.2268 53.7075
62.113 63.2639
61.9408 63.0137
62.0211 65.4916
62.0822 66.87
60.9582 75.8023
60.2512 80.614
59.4783 89.3142
59.0831 93.4207
58.8679 99.5353
58.9506 105.196
58.3444 111.535
58.2872 119.08
57.8049 124.172
57.5045 130.921
57.0895 136.204
56.7467 140.932
55.2439 146.484
55.122 150.828
54.7485 153.297
54.4032 155.987
54.4663 163.525
54.2847 165.07
53.5476 168.82
52.9318 174.404
52.6797 175.161
52.7224 175.549
51.4922 184.052
51.5008 188.683
51.493 188.689
51.2825 188.778
51.1064 188.947
50.9755 189.092
51.138 189.028
51.2119 188.965
51.1176 189.184
51.0012 189.276
50.8695 189.451
50.912 189.518
50.7232 189.726
50.5681 189.779
50.4433 189.984
50.2191 190.14
50.0378 190.252
49.8877 190.452
49.4657 190.762
49.2269 190.883
48.7792 191.155
48.5174 191.392
48.1368 191.641
47.5362 192.084
47.3546 192.428
46.8687 192.872
46.3101 193.316
45.8992 193.466
44.593 194.049
43.9406 194.201
43.5318 194.041
42.7287 193.805
42.4169 193.377
42.4226 192.379
44.1448 190.382
44.1924 190.608
38.2729 193.223
42.1971 195.227
0 0
0 0
0 0
0 0
0 0
0 0
0 0
0 0
0 0
0 0
0 0
0 0
0 0
0 0
0 0
0 0
0 0
0 0
0 0
0 0
0 0
0 0
0 0
0 0
0 0
0 0
0 0
0 0
0 0
0 0
0 0
0 0
0 0
0 0
0 0
0 0
0 0
0 0
0 0
0 0
0 0
0 0
0 0
0 0
76.7794 33.7469
72.0401 33.7469
66.2439 33.7469
63.0455 33.7469
61.6766 33.7469
61.0604 33.7469
60.6087 33.7469
60.6925 33.7469
60.6589 33.7469
60.7876 33.7469
61.3175 46.1394
61.2757 45.8952
61.1525 45.6604
60.8494 51.0828
61.7804 62.0542
61.0364 62.2951
61.7151 66.307
59.8604 76.8675
59.961 81.7594
59.7879 88.2015
59.3441 95.9068
59.2857 101.992
58.9467 106.468
58.7024 115.302
58.0995 121.81
58.3084 125.692
57.7852 133.863
57.1627 140.56
57.0339 145.842
56.6862 151.26
56.1152 155.772
56.0445 163.209
54.8162 168.365
54.7358 173.155
54.287 174.94
53.8434 183.355
53.2412 183.988
52.5099 188.336
52.5394 188.279
52.6944 188.217
52.2785 188.436
52.0158 188.82
52.0835 188.68
51.9594 188.743
52.0314 188.905
51.9921 188.9
51.9595 188.973
51.9899 189.052
52.0504 189.154
51.9605 189.25
52.0224 189.24
51.9437 189.389
51.7244 189.56
51.7289 189.612
51.5485 189.796
51.3538 190.003
51.1817 190.177
50.9784 190.335
50.8678 190.489
50.6586 190.688
50.5568 190.925
50.3885 191.149
50.0638 191.482
49.8938 191.697
49.4952 192.065
48.9441 192.419
48.814 192.503
48.5638 192.455
48.5621 192.144
48.946 191.384
48.6647 191.082
49.0548 190.018
49.0068 189.894
46.5967 190.8
45.4777 190.773
40.4841 195.227
59.4929 195.227
0 0
0 0
0 0
0 0
0 0
0 0
0 0
0 0
0 0
0 0
0 0
0 0
0 0
0 0
0 0
0 0
0 0
0 0
0 0
0 0
0 0
0 0
0 0
0 0
0 0
0 0
0 0
0 0
0 0
0 0
0 0
0 0
0 0
0 0
0 0
0 0
0 0
0 0
0 0
0 0
0 0
0 0
76.7794 33.7469
66.484 33.7469
66.2923 33.7469
62.1774 33.7469
61.2447 33.7469
60.3826 33.7469
60.321 33.7469
60.28 33.7469
60.2535 33.7469
60.5106 33.7469
60.5408 41.0869
61.1332 46.6584
61.1526 46.2019
61.0026 46.0774
60.7956 47.7971
60.9282 49.5922
60.5955 57.0378
61.7851 64.2529
61.6784 65.6156
61.872 69.8325
60.1469 82.301
60.2075 86.7166
61.0259 91.3252
59.7395 101.271
59.8446 105.356
60.1402 113.635
59.9212 119.38
59.4522 124.902
59.1781 130.971
58.9412 137.625
58.4999 142.952
58.408 147.49
58.3613 151.04
58.0902 154.786
58.1887 162.661
57.9018 166.037
57.3978 170.86
57.2162 172.783
56.8128 177.2
56.7004 181.638
55.9103 186.243
54.5324 187.408
54.3793 187.472
54.2874 187.43
53.9463 187.813
53.8842 187.837
53.3468 188.021
53.2408 188.062
53.1471 188.272
52.7889 188.384
52.6868 188.592
52.6033 188.564
52.5948 188.63
52.5602 188.799
52.4773 188.872
52.2994 189.093
52.0079 189.316
51.8003 189.451
51.5005 189.656
51.2676 189.854
50.9588 190.127
50.7051 190.303
50.3889 190.547
50.1473 190.772
49.8601 191.082
49.7399 191.42
49.5101 191.738
49.2437 191.983
48.747 192.402
48.5564 192.517
48.4287 192.28
48.1767 192.064
47.8132 191.811
48.7366 190.688
48.3947 189.53
48.9372 190.083
45.6973 190.72
47.2282 191.486
42.1971 195.227
0 0
0 0
0 0
0 0
0 0
0 0
0 0
0 0
0 0
0 0
0 0
0 0
0 0
0 0
0 0
0 0
0 0
0 0
0 0
0 0
0 0
0 0
0 0
0 0
0 0
0 0
0 0
0 0
0 0
0 0
0 0
0 0
0 0
0 0
0 0
0 0
0 0
0 0
0 0
0 0
0 0
0 0
0 0
0 0
67.1716 33.7469
63.1842 33.7469
62.3656 33.7469
61.5316 33.7469
60.8375 33.7469
60.5556 33.7469
60.4029 33.7469
60.5236 33.7469
60.5973 40.018
61.3711 45.2707
61.1635 45.0076
61.0702 47.0978
61.7972 52.2386
61.4034 58.9368
61.9507 62.8998
61.9356 66.4377
62.4073 70.6142
62.4927 73.8407
60.9196 87.2524
60.9645 90.5884
60.6403 98.3675
61.3275 104.259
60.5552 111.517
60.2847 118.93
59.3976 125.004
59.3719 132.055
58.6902 137.508
58.3824 141.73
57.9993 146.531
57.5587 150.399
56.9255 153.815
57.2395 160.302
56.8929 162.858
56.6836 167.391
56.2224 169.922
56.0616 171.57
55.4241 177.597
55.4583 182.099
53.6383 187.695
53.5935 187.751
53.4239 187.806
53.6403 187.626
53.4868 187.96
53.3327 188.144
52.9778 188.179
52.82 188.456
52.8606 188.475
52.8593 188.533
52.8569 188.592
52.8203 188.651
52.8705 188.715
52.8074 188.857
52.5781 189.085
52.6747 189.075
52.6922 189.26
52.7018 189.331
52.8009 189.441
52.828 189.564
53.0087 189.743
53.0701 189.787
53.1549 189.959
53.0785 190.258
52.7253 190.571
52.4702 190.936
51.9729 191.229
51.5672 191.426
50.9896 191.563
51.2129 190.91
50.9327 190.611
51.3401 189.786
52.2405 188.32
50.6184 189.897
48.8409 191.261
52.5929 190.208
53.9078 195.227
0 0
0 0
0 0
0 0
0 0
0 0
0 0
0 0
0 0
0 0
0 0
0 0
0 0
0 0
0 0
0 0
0 0
0 0
0 0
0 0
0 0
0 0
0 0
0 0
0 0
0 0
0 0
0 0
0 0
0 0
0 0
0 0
0 0
0 0
0 0
0 0
0 0
0 0
0 0
0 0
0 0
0 0
0 0
71.3292 33.7469
65.8676 33.7469
62.9025 33.7469
62.0686 33.7469
61.3084 33.7469
60.8375 33.7469
60.6956 33.7469
60.7009 33.7469
60.7002 33.7469
60.6911 33.7469
60.7339 39.7276
61.1899 44.5159
61.0597 44.4226
61.1056 44.4691
61.0371 44.5159
61.0079 44.5631
61.1566 48.5543
62.0088 62.7828
0 0
62.2248 65.3582
62.6847 70.8055
61.3806 79.6045
62.1022 85.4358
61.4702 93.9958
61.6024 98.6941
59.9559 107.025
60.7954 114.237
60.2653 120.317
60.3216 126.185
59.5736 131.344
58.8867 136.423
59.0021 140.214
58.596 145.227
58.4123 146.261
57.736 150.03
58.0668 155.356
58.2922 157.818
57.9401 161.732
57.6013 162.695
57.4206 164.965
57.1953 167.326
57.2906 167.664
56.6785 171.621
56.8318 173.128
56.4656 177.475
56.627 181.886
55.1143 187.193
54.8251 187.569
54.7601 187.579
54.5574 187.774
0 0
0 0
0 0
54.0071 188.248
54.0489 188.251
0 0
0 0
53.846 188.652
54.0827 188.664
53.999 188.712
53.7766 189.019
53.6383 189.168
53.3687 189.351
53.2078 189.513
52.7322 189.936
52.3888 190.336
51.7585 190.702
50.9144 191.17
50.3788 191.439
49.8437 191.711
49.7513 191.324
48.7984 191.477
49.1571 190.324
48.7282 189.685
46.9934 190.438
48.8409 191.261
49.5889 191.028
50.594 191.308
59.4929 195.227
0 0
0 0
0 0
0 0
0 0
0 0
0 0
0 0
0 0
0 0
0 0
0 0
0 0
0 0
0 0
0 0
0 0
0 0
0 0
0 0
0 0
0 0
0 0
0 0
0 0
0 0
0 0
0 0
0 0
0 0
0 0
0 0
0 0
0 0
0 0
0 0
0 0
0 0
0 0
0 0
0 0
0 0
0 0
0 0
0 0
0 0
66.484 33.7469
65.6692 33.7469
62.835 33.7469
61.8062 33.7469
61.4258 33.7469
60.8773 33.7469
60.7606 33.7469
60.7002 33.7469
60.6911 33.7469
60.7241 33.7469
60.755 33.7469
60.7268 33.7469
60.6684 33.7469
0 0
0 0
0 0
60.7953 43.9374
60.4343 39.2913
60.7426 44.0653
60.6885 44.1965
60.5996 46.4102
60.3521 50.6409
60.2619 54.6169
59.1478 62.0252
59.2271 64.9072
58.4178 76.5086
58.2505 84.3214
57.5128 90.9613
56.9898 94.8509
55.9882 101.121
56.0919 106.688
55.8829 110.595
54.9704 116.736
54.784 122.133
54.736 125.716
54.636 129.453
54.8038 133.641
54.4974 138.154
54.8385 140.867
54.4416 144.088
54.0984 147.9
54.4877 150.059
54.0045 154.547
53.3507 160.047
53.5868 166.646
53.2751 169.057
52.8667 174.431
53.1176 176.161
51.9085 188.372
51.4906 188.768
51.8048 188.588
51.7822 188.654
51.8576 188.809
52.0317 188.781
51.9607 188.987
52.2045 188.92
52.3809 189.069
52.5998 189.164
52.87 189.175
52.9375 189.343
52.8886 189.53
52.9132 189.638
52.8273 189.857
52.7483 190.025
52.3384 190.459
51.6885 190.912
51.1179 191.124
50.3243 191.65
50.0638 191.399
49.7495 191.229
49.244 190.767
49.3942 189.825
48.1232 190.558
49.325 191.441
49.5889 191.028
54.8934 195.227
0 0
0 0
0 0
0 0
0 0
0 0
0 0
0 0
0 0
0 0
0 0
0 0
0 0
0 0
0 0
0 0
0 0
0 0
0 0
0 0
0 0
0 0
0 0
0 0
0 0
0 0
0 0
0 0
0 0
0 0
0 0
0 0
0 0
0 0
0 0
0 0
0 0
0 0
0 0
0 0
0 0
0 0
0 0
0 0
0 0
72.2376 33.7469
65.9652 33.7469
63.32 33.7469
61.9377 33.7469
61.2396 33.7469
60.7767 33.7469
60.4981 33.7469
0 0
0 0
0 0
60.5493 33.7469
60.6134 33.7469
60.8788 44.4691
60.8339 44.4226
60.7518 44.3766
60.6271 44.2858
60.7079 44.331
60.637 46.4102
60.2996 50.4253
60.4506 55.8585
60.969 60.7097
60.2564 69.5555
59.8258 77.6388
59.5665 83.3343
58.1837 91.4762
58.6277 98.5236
57.8997 105.631
57.252 111.75
56.4661 117.35
55.9355 124.221
55.5934 130.842
55.4295 136.048
54.9876 139.022
0 0
0 0
0 0
0 0
54.0954 156.53
54.3525 161.372
54.1122 166.331
53.8691 168.577
52.605 173.193
52.4159 173.657
52.5516 173.941
52.2562 179.589
51.4607 184.168
51.3254 188.577
51.4844 188.477
51.4759 188.65
51.3911 188.776
51.3299 188.899
51.2624 189.028
51.3275 189.135
51.2638 189.19
51.2881 189.315
51.3759 189.372
51.3799 189.56
51.3749 189.704
51.4286 189.794
51.5353 190.001
51.4397 190.185
51.3537 190.447
50.9453 190.855
50.7188 191.17
50.115 191.717
49.3653 192.194
48.874 192.458
47.9752 192.854
47.2721 192.487
46.4716 192.565
46.2403 191.849
45.8454 190.773
46.2279 190.893
47.6585 191.617
44.2726 195.227
59.4929 195.227
0 0
0 0
0 0
0 0
0 0
0 0
0 0
0 0
0 0
0 0
0 0
0 0
0 0
0 0
0 0
0 0
0 0
0 0
0 0
0 0
0 0
0 0
0 0
0 0
0 0
0 0
0 0
0 0
0 0
0 0
0 0
0 0
0 0
0 0
0 0
0 0
0 0
0 0
0 0
0 0
0 0
0 0
0 0
0 0
65.922 33.7469
62.8507 33.7469
61.5076 33.7469
61.1627 33.7469
60.7768 33.7469
60.4867 33.7469
60.459 33.7469
60.5006 33.7469
60.5099 33.7469
60.5609 33.7469
60.4995 39.4129
60.5511 33.7469
0 0
0 0
0 0
60.7 44.0223
60.6824 44.1524
60.6705 44.331
60.6622 46.6313
0 0
0 0
0 0
0 0
0 0
58.96 91.8728
58.1285 98.4954
58.0994 106.669
57.5715 112.206
57.4507 116.341
56.7342 122.987
56.5648 127.553
56.0512 132.42
55.5121 137.358
55.4527 138.995
55.2328 143.267
55.3021 146.348
54.7814 149.346
54.4879 151.33
54.3615 155.284
54.2239 156.717
54.3375 158.19
53.7887 162.914
53.2674 170.508
52.8834 172.233
52.8274 174.184
52.1465 179.963
51.5286 184.028
51.3852 188.444
51.0639 188.78
51.2777 188.625
51.2805 188.708
51.0908 188.956
51.0809 189.022
50.7736 189.273
50.7211 189.336
50.6428 189.512
50.4444 189.75
50.3297 189.899
50.1163 190.111
49.904 190.369
49.5457 190.592
49.3722 190.888
48.9714 191.204
48.4813 191.64
47.5844 192.173
46.6724 192.708
45.7343 193.248
44.3051 193.872
42.9662 193.959
40.8879 194.489
41.2807 193.424
43.457 190.748
43.3849 191.331
40.6328 192.133
41.8292 195.227
42.1971 195.227
0 0
0 0
0 0
0 0
0 0
0 0
0 0
0 0
0 0
0 0
0 0
0 0
0 0
0 0
0 0
0 0
0 0
0 0
0 0
0 0
0 0
0 0
0 0
0 0
0 0
0 0
0 0
0 0
0 0
0 0
0 0
0 0
0 0
0 0
0 0
0 0
0 0
0 0
0 0
0 0
0 0
0 0
0 0
0 0
0 0
0 0
0 0
0 0
0 0
76.7794 33.7469
65.922 33.7469
63.1224 33.7469
61.9056 33.7469
61.3665 33.7469
60.695 33.7469
60.4627 33.7469
60.3289 33.7469
60.423 33.7469
60.3995 33.7469
60.4303 33.7469
60.4645 33.7469
60.582 33.7469
60.5426 39.5923
60.4688 39.6189
60.9027 44.6108
60.8325 44.6588
60.83 46.7449
60.7742 46.9189
60.291 54.437
60.525 57.831
61.7955 64.9647
60.47 73.1843
62.2156 73.2721
60.059 85.9294
60.2801 90.4686
59.3152 97.805
58.9465 105.198
58.9335 110.233
58.4104 116.558
57.9637 120.319
57.634 127.144
57.3341 131.595
57.4696 134.814
56.9507 138.717
56.5873 143.901
56.4825 145.179
56.3494 149.284
56.1141 151.425
55.7598 154.644
55.6236 156.309
55.3147 158.316
55.7374 163.842
55.2808 167.373
54.9724 170.139
55.0926 172.483
54.4135 178.209
52.8047 183.688
52.708 188.109
52.4073 188.287
52.2974 188.319
52.1906 188.557
52.1112 188.612
52.1378 188.755
51.9805 188.806
51.9176 189.055
51.8411 189.216
51.8194 189.309
51.6235 189.577
51.6492 189.713
51.7161 189.814
51.8194 190.018
51.9272 190.149
52.0104 190.262
51.7653 190.635
51.5144 190.992
50.8333 191.398
49.8992 191.968
49.4294 192.085
48.5587 192.16
47.8067 192.15
48.3869 191.042
46.8028 190.245
45.8454 190.773
45.7714 191.2
47.6585 191.617
41.8292 195.227
59.4929 195.227
0 0
0 0
0 0
0 0
0 0
0 0
0 0
0 0
0 0
0 0
0 0
0 0
0 0
0 0
0 0
0 0
0 0
0 0
0 0
0 0
0 0
0 0
0 0
0 0
0 0
0 0
0 0
0 0
0 0
0 0
0 0
0 0
0 0
0 0
0 0
0 0
0 0
0 0
0 0
0 0
0 0
0 0
0 0
76.7794 33.7469
66.484 33.7469
65.4166 33.7469
61.4706 33.7469
61.1608 33.7469
60.7996 33.7469
60.5351 33.7469
60.4842 33.7469
60.4279 33.7469
60.2796 33.7469
60.2798 33.7469
60.3419 39.7835
60.7791 44.5631
60.2567 39.5399
60.5967 44.331
60.5967 44.331
60.5827 46.2492
60.5259 46.4102
60.2082 54.8295
60.1962 55.3632
61.0877 60.823
61.8367 66.4349
60.655 75.5815
60.9625 78.9133
60.3087 86.8366
60.4945 95.2138
59.5286 103.091
59.164 108.461
58.6634 114.099
58.9206 120.474
57.9359 127.167
57.8558 132.532
57.641 137.323
57.4979 140.666
56.9319 145.331
56.424 147.797
56.4645 152.342
56.0695 155.441
56.0928 157.378
56.3468 163.072
56.41 166.627
55.9509 168.274
55.5748 172.129
55.5343 174.007
53.5023 183.511
54.1053 183.63
53.1612 188.157
53.1493 188.171
53.1239 188.137
53.1105 188.334
52.8147 188.646
52.6473 188.657
52.9774 188.501
52.7912 188.65
52.7555 188.701
52.6608 188.818
52.4559 189.028
52.4039 189.1
52.1404 189.305
52.0819 189.471
51.9375 189.636
52.0762 189.744
51.8946 190.001
51.7874 190.115
51.5422 190.351
50.8793 190.83
50.3538 191.215
49.553 191.727
48.9649 191.862
47.9177 192.23
46.9444 192.392
45.8527 192.413
45.4136 192.168
43.8643 190.506
44.2093 190.714
44.3258 190.728
44.476 191.028
42.7248 193.351
40.0629 195.227
0 0
0 0
0 0
0 0
0 0
0 0
0 0
0 0
0 0
0 0
0 0
0 0
0 0
0 0
0 0
0 0
0 0
0 0
0 0
0 0
0 0
0 0
0 0
0 0
0 0
0 0
0 0
0 0
0 0
0 0
0 0
0 0
0 0
0 0
0 0
0 0
0 0
0 0
0 0
0 0
0 0
0 0
0 0
0 0
0 0
0 0
0 0
0 0
0 0
0 0
0 0
60.7767 33.7469
60.4773 33.7469
60.767 33.7469
60.8307 33.7469
61.289 45.2707
61.2506 45.0593
61.5863 48.3295
62.112 51.7932
62.4352 56.4791
0 0
0 0
0 0
0 0
0 0
0 0
0 0
59.9596 98.4016
60.1479 101.327
59.524 106.663
58.8747 111.827
58.3458 116.638
58.1889 120.705
57.3783 124.747
57.4817 127.325
57.2399 131.01
56.8297 136.595
56.407 139.444
56.4365 140.628
55.9657 143.587
55.8103 145.619
55.8726 146.545
54.8193 149.807
53.9628 153.286
54.2581 155.757
53.8195 155.981
54.0013 158.426
0 0
0 0
0 0
53.2814 165.189
53.1445 167.178
52.847 172.185
53.1489 173.496
51.8993 183.695
51.5317 184.295
51.7736 184.32
51.2261 189.054
51.3018 189.006
51.2362 189.012
51.1811 189.125
50.9628 189.158
50.9048 189.273
50.5416 189.411
0 0
0 0
0 0
49.53 190.235
49.4434 190.339
49.3847 190.381
49.6178 190.411
49.6274 190.635
49.7498 190.733
49.524 191.054
49.1919 191.272
49.0045 191.529
48.3892 191.903
47.2137 192.743
46.237 193.496
44.8403 194.051
43.3578 195.097
41.6879 195.408
41.0971 195.517
0 0
0 0
0 0
42.0939 195.227
44.2726 195.227
59.4929 195.227
0 0
0 0
0 0
0 0
0 0
0 0
0 0
0 0
0 0
0 0
0 0
0 0
0 0
0 0
0 0
0 0
0 0
0 0
0 0
0 0
0 0
0 0
0 0
0 0
0 0
0 0
0 0
0 0
0 0
0 0
0 0
0 0
0 0
0 0
0 0
0 0
0 0
0 0
0 0
0 0
0 0
0 0
0 0
0 0
0 0
50.5103 33.7469
63.1278 33.7469
0 0
0 0
0 0
0 0
0 0
60.1163 55.1276
59.3303 67.2615
0 0
0 0
0 0
0 0
59.9489 63.2182
58.6416 69.2868
58.666 60.8855
57.6643 71.4539
59.5752 65.3843
57.7806 71.4539
57.944 73.4218
58.9282 69.297
57.9855 72.307
58.2661 66.4058
56.4649 67.3511
57.4329 64.4467
54.9279 78.9146
56.0146 71.7577
54.667 76.0671
54.9374 83.7478
0 0
0 0
0 0
54.4177 83.9931
0 0
0 0
0 0
0 0
0 0
0 0
0 0
0 0
54.5422 79.9642
55.5092 76.4105
54.6257 79.5402
0 0
0 0
0 0
0 0
58.7654 49.126
56.7913 57.71
58.6449 42.3021
0 0
0 0
0 0
0 0
0 0
0 0
0 0
0 0
0 0
0 0
65.0746 33.7469
64.9952 33.7469
0 0
0 0
0 0
0 0
0 0
0 0
0 0
0 0
0 0
0 0
0 0
0 0
0 0
0 0
0 0
0 0
0 0
0 0
0 0
0 0
0 0
0 0
0 0
0 0
0 0
0 0
0 0
0 0
0 0
0 0
0 0
0 0
0 0
0 0
0 0
0 0
0 0
0 0
0 0
0 0
0 0
0 0
0 0
0 0
0 0
0 0
0 0
0 0
0 0
0 0
63.3857 33.7469
63.3857 33.7469
65.0746 33.7469
64.2655 33.7469
0 0
0 0
0 0
0 0
0 0
0 0
61.4319 33.7469
60.3367 33.7469
0 0
0 0
0 0
0 0
0 0
0 0
0 0
0 0
60.1412 48.945
61.3063 60.2641
0 0
0 0
0 0
0 0
0 0
0 0
61.6891 63.2523
58.3866 73.7693
0 0
0 0
0 0
0 0
0 0
0 0
0 0
0 0
0 0
58.5293 75.3388
58.3585 75.3388
0 0
0 0
0 0
0 0
60.4614 88.2504
58.3379 94.4129
58.1785 89.584
0 0
0 0
0 0
0 0
0 0
0 0
57.7031 112.887
56.9247 119.189
56.9247 119.189
56.5794 120.674
57.9239 123.331
58.2531 115.1
57.6845 127.174
57.6845 127.174
55.5054 134.649
59.5258 128.365
57.4992 133.714
57.4992 133.714
57.6419 135.754
0 0
0 0
0 0
0 0
0 0
0 0
0 0
0 0
0 0
0 0
55.5608 142.261
56.5005 162.45
51.2288 160.851
0 0
0 0
0 0
53.418 147.381
52.7534 121.408
55.2364 98.3389
55.2364 98.3389
55.2364 98.3389
55.2364 98.3389
0 0
0 0
55.2058 100.445
56.3331 89.9139
57.8524 107.432
0 0
0 0
0 0
56.7707 115.114
59.3967 110.452
0 0
0 0
0 0
58.5818 129.963
58.0975 136.098
58.8846 138.229
58.0516 143.33
0 0
0 0
0 0
0 0
56.496 154.257
56.2129 155.517
55.9936 156.732
55.5885 152.19
55.2063 154.467
54.8657 153.99
54.4496 154.844
55.0187 154.001
54.9536 154.314
54.8955 155.834
54.8367 157.273
54.7169 157.842
55.096 157.956
54.8945 158.692
55.2944 162.507
55.3683 163.507
55.3756 164.712
0 0
0 0
0 0
55.7786 168.268
55.7285 168.524
56.0145 168.302
55.7354 170.281
56.2887 168.769
56.2512 171.842
56.0824 174.127
56.4901 174.276
56.5935 174.157
56.8335 174.165
56.8745 174.293
56.9083 174.473
57.1106 174.635
57.0196 183.52
0 0
0 0
0 0
0 0
0 0
0 0
0 0
56.363 187.893
56.3492 187.941
56.1538 187.964
56.2691 187.962
0 0
0 0
0 0
0 0
55.861 188.216
55.7493 188.164
0 0
0 0
0 0
0 0
54.9048 188.71
54.929 188.718
54.7657 188.787
0 0
0 0
0 0
0 0
53.6473 189.525
53.5124 189.681
53.2038 189.846
52.9203 190.069
52.7511 190.256
0 0
0 0
0 0
0 0
0 0
50.3871 192.025
49.9388 192.256
49.2468 192.561
48.9275 192.651
48.6853 192.577
48.852 192.173
48.4947 191.983
47.8011 192.015
48.9165 191.069
48.9648 190.397
46.4642 190.486
47.216 190.659
47.2711 190.07
41.8292 195.227
53.9078 195.227
0 0
0 0
0 0
0 0
0 0
0 0
0 0
0 0
0 0
0 0
0 0
0 0
0 0
0 0
0 0
0 0
0 0
0 0
0 0
0 0
0 0
0 0
0 0
0 0
0 0
0 0
0 0
0 0
0 0
0 0
0 0
0 0
0 0
0 0
0 0
0 0
0 0
0 0
0 0
0 0
0 0
0 0
0 0
0 0
0 0
0 0
0 0
0 0
0 0
0 0
0 0
0 0
76.7794 33.7469
65.922 33.7469
63.1077 33.7469
62.0111 33.7469
61.1673 33.7469
60.8199 33.7469
60.4634 33.7469
60.4824 33.7469
60.6805 33.7469
60.7335 33.7469
60.7465 33.7469
0 0
0 0
0 0
60.3637 39.8985
60.7656 45.0076
60.6598 45.1114
60.6707 47.4068
60.3519 51.8087
60.5271 55.527
61.9942 67.4341
60.6023 72.9043
59.8178 83.7658
59.8463 87.6983
59.5051 96.858
58.9639 102.504
58.6522 110.568
58.2908 116.332
57.8486 122.288
57.91 127.313
0 0
0 0
0 0
0 0
55.9241 150.228
55.4197 153.834
55.3459 161.178
54.8944 166.22
54.5823 167.587
0 0
0 0
0 0
0 0
0 0
0 0
51.429 188.677
51.0919 188.878
51.0066 188.852
50.7165 189.202
50.6262 189.282
50.647 189.406
50.6194 189.467
50.6906 189.455
50.566 189.599
50.6567 189.598
50.4632 189.876
50.4824 189.88
50.3092 190.13
50.2467 190.252
50.0012 190.374
49.8356 190.615
49.7368 190.718
49.5831 190.833
49.4982 191.007
49.228 191.262
49.2814 191.427
49.2709 191.634
48.9297 191.969
48.5676 192.469
48.3166 192.62
47.897 192.975
47.5091 192.927
47.1348 192.962
46.2676 192.594
46.8109 191.731
44.7539 190.818
45.9736 190.818
46.087 190.967
40.4841 195.227
44.2726 195.227
59.4929 195.227
0 0
0 0
0 0
0 0
0 0
0 0
0 0
0 0
0 0
0 0
0 0
0 0
0 0
0 0
0 0
0 0
0 0
0 0
0 0
0 0
0 0
0 0
0 0
0 0
0 0
0 0
0 0
0 0
0 0
0 0
0 0
0 0
0 0
0 0
0 0
0 0
0 0
0 0
0 0
0 0
0 0
0 0
0 0
0 0
0 0
0 0
71.3292 33.7469
66.5212 33.7469
62.7281 33.7469
61.6449 33.7469
60.9542 33.7469
60.7624 33.7469
60.5218 33.7469
60.6495 33.7469
60.8342 33.7469
60.6564 33.7469
60.633 39.8119
60.7397 33.7469
60.5388 39.7555
60.3761 39.7555
60.3419 39.7835
60.7656 45.0076
60.7769 47.2815
60.7741 47.5992
61.9256 61.3523
61.9135 65.3187
62.1693 68.7307
60.9782 79.2944
61.4261 86.9448
0 0
0 0
0 0
0 0
0 0
58.3222 132.058
58.1328 136.823
0 0
0 0
0 0
56.7896 152.7
56.4487 160.3
56.8659 162.266
0 0
0 0
0 0
55.3387 173.11
54.1538 182.154
54.1978 186.893
54.0867 186.979
54.0784 186.988
52.9395 188.064
52.9565 187.925
52.6742 188.323
52.7759 188.236
52.8691 188.29
52.5706 188.741
52.4576 188.772
52.4445 188.703
52.41 188.882
52.2928 188.932
52.3381 189.072
52.3903 189.096
0 0
0 0
0 0
0 0
52.4478 189.656
52.5201 189.814
52.6178 189.883
52.8 190.093
52.7663 190.257
52.4842 190.571
51.916 190.955
51.3065 191.278
50.5114 191.505
49.9052 191.642
48.9242 191.449
48.0343 191.266
49.7864 188.795
45.8046 190.507
45.018 191.172
46.087 190.967
40.4841 195.227
44.2726 195.227
59.4929 195.227
0 0
0 0
0 0
0 0
0 0
0 0
0 0
0 0
0 0
0 0
0 0
0 0
0 0
0 0
0 0
0 0
0 0
0 0
0 0
0 0
0 0
0 0
0 0
0 0
0 0
0 0
0 0
0 0
0 0
0 0
0 0
0 0
0 0
0 0
0 0
0 0
0 0
0 0
0 0
0 0
0 0
0 0
0 0
0 0
72.2376 33.7469
65.2029 33.7469
61.9596 33.7469
61.2613 33.7469
60.8058 33.7469
60.5198 33.7469
60.4181 33.7469
60.5864 33.7469
60.8167 33.7469
60.8038 33.7469
60.923 33.7469
60.8908 33.7469
60.9954 33.7469
60.9473 33.7469
60.8599 33.7469
60.6131 39.4129
60.5309 39.3881
60.4874 39.3636
60.3748 39.3636
60.3137 39.4378
60.3228 39.4884
60.226 39.5923
60.1784 39.7835
0 0
0 0
0 0
61.0301 49.4413
61.3401 52.4811
61.1156 67.6159
60.7972 78.3321
59.7316 88.8728
0 0
0 0
0 0
57.9506 117.266
57.5112 121.758
57.1374 127.669
0 0
0 0
0 0
56.4755 146.589
56.0486 149.224
55.5047 154.42
55.3045 157.16
0 0
0 0
0 0
0 0
0 0
0 0
52.5038 188.231
52.5937 188.376
52.2904 188.713
52.3522 188.694
52.1157 188.923
52.2889 188.883
52.073 189.119
52.0563 189.163
52.0756 189.448
52.2409 189.459
52.2158 189.551
52.1719 189.78
52.1543 189.978
52.2411 190.125
51.8591 190.466
51.5741 190.66
51.2555 191.083
50.6682 191.422
50.1662 191.85
49.6831 191.801
48.6302 192.052
48.2991 191.752
47.3683 191.243
47.2558 190.139
45.1382 191.178
45.1296 191.308
41.2901 195.227
42.0939 195.227
42.1971 195.227
0 0
0 0
0 0
0 0
0 0
0 0
0 0
0 0
0 0
0 0
0 0
0 0
0 0
0 0
0 0
0 0
0 0
0 0
0 0
0 0
0 0
0 0
0 0
0 0
0 0
0 0
0 0
0 0
0 0
0 0
0 0
0 0
0 0
0 0
0 0
0 0
0 0
0 0
0 0
0 0
0 0
0 0
0 0
0 0
0 0
0 0
63.1077 33.7469
62.1418 33.7469
61.5795 33.7469
61.0823 33.7469
60.7823 33.7469
60.9411 33.7469
61.0437 33.7469
61.2073 33.7469
61.1321 40.1106
61.1566 40.0486
61.243 39.928
61.1191 39.928
60.9517 39.928
60.8695 39.928
60.6887 39.8694
60.6121 39.8985
60.9682 47.2197
60.9123 47.4068
60.8547 47.5992
60.5612 53.3875
61.2323 60.9133
61.4807 63.5807
60.888 74.3154
59.9521 80.3444
59.9009 88.5571
59.556 93.6345
59.1212 103.691
57.8922 111.212
0 0
0 0
0 0
56.6844 135.493
56.0145 141.784
55.5177 145.206
0 0
0 0
0 0
0 0
54.677 167.335
0 0
0 0
0 0
52.9383 187.09
52.1376 188.201
52.0846 188.162
51.6959 188.577
51.7371 188.58
51.5801 188.662
51.6891 188.911
51.718 188.849
51.3866 189.144
51.4898 189.13
51.5971 189.13
51.5912 189.291
51.4197 189.493
51.3415 189.602
51.0039 189.916
50.8659 190.083
50.966 190.231
50.9524 190.307
50.9354 190.577
50.8122 190.85
50.747 191.122
0 0
0 0
0 0
0 0
47.5415 192.585
0 0
0 0
0 0
0 0
0 0
0 0
0 0
42.1971 195.227
0 0
0 0
0 0
0 0
0 0
0 0
0 0
0 0
0 0
0 0
0 0
0 0
0 0
0 0
0 0
0 0
0 0
0 0
0 0
0 0
0 0
0 0
0 0
0 0
0 0
0 0
0 0
0 0
0 0
0 0
0 0
0 0
0 0
0 0
0 0
0 0
0 0
0 0
0 0
0 0
0 0
0 0
0 0
0 0
0 0
66.484 33.7469
62.4848 33.7469
61.5891 33.7469
61.2706 33.7469
60.722 33.7469
60.4477 33.7469
60.3783 33.7469
60.4404 33.7469
60.4915 33.7469
60.4971 33.7469
60.5857 39.7835
60.6008 33.7469
60.6522 39.566
60.4396 39.4884
60.3956 39.463
60.3956 39.463
60.7816 44.331
60.7962 44.4226
60.6242 46.6313
60.7484 47.0376
61.3864 52.3756
0 0
0 0
0 0
0 0
0 0
0 0
0 0
0 0
0 0
0 0
58.1212 123.37
58.3726 127.975
57.9969 133.218
57.7136 137.882
57.3817 141.216
57.1318 143.648
57.0023 146.618
56.6817 152.104
56.6297 152.731
56.2336 155.099
0 0
0 0
0 0
0 0
0 0
54.0716 182.112
52.9596 187.935
0 0
0 0
0 0
52.5808 188.39
52.2748 188.662
52.2371 188.751
51.9908 188.958
0 0
0 0
0 0
0 0
0 0
0 0
0 0
51.781 190.36
51.6858 190.602
51.4762 190.883
51.0079 191.346
50.5377 191.735
49.8037 192.037
49.4472 192.26
49.07 191.955
49.0602 191.208
48.4447 189.945
45.8454 190.773
45.4292 191.2
41.4346 195.227
42.1971 195.227
59.4929 195.227
0 0
0 0
0 0
0 0
0 0
0 0
0 0
0 0
0 0
0 0
0 0
0 0
0 0
0 0
0 0
0 0
0 0
0 0
0 0
0 0
0 0
0 0
0 0
0 0
0 0
0 0
0 0
0 0
0 0
0 0
0 0
0 0
0 0
0 0
0 0
0 0
0 0
0 0
0 0
0 0
0 0
0 0
0 0
0 0
65.0746 33.7469
61.3869 33.7469
60.7256 33.7469
60.4631 33.7469
60.0634 33.7469
60.096 33.7469
59.8679 33.7469
60.0637 33.7469
60.1742 33.7469
60.2677 33.7469
0 0
0 0
0 0
60.2899 39.514
60.1769 39.5399
60.1769 39.5399
60.1508 39.6189
60.4818 46.7449
60.4849 47.1584
61.1299 52.5441
60.4086 69.7037
60.6745 73.6958
61.0842 80.2124
60.7821 89.5887
60.9039 97.6293
59.2844 107.638
59.2122 114.761
59.2688 121.07
58.7966 126.951
58.3863 135.052
58.2277 140.568
57.6413 143.493
57.76 149.065
56.897 152.778
57.5994 160.499
56.5411 164.653
56.9739 166.283
56.4152 170.349
56.0043 172.45
55.2218 177.235
0 0
0 0
0 0
0 0
0 0
53.4443 187.977
0 0
0 0
0 0
0 0
0 0
0 0
0 0
52.5805 188.671
52.3383 188.96
0 0
0 0
0 0
51.6087 189.615
51.3717 189.848
51.1316 190.123
0 0
0 0
0 0
50.9988 190.862
51.1317 191.01
51.3206 191.194
51.2956 191.346
51.3105 191.303
0 0
0 0
0 0
52.2462 188.465
51.6808 188.83
49.5114 190.377
47.6971 192.156
41.2901 195.227
41.8292 195.227
59.4929 195.227
0 0
0 0
0 0
0 0
0 0
0 0
0 0
0 0
0 0
0 0
0 0
0 0
0 0
0 0
0 0
0 0
0 0
0 0
0 0
0 0
0 0
0 0
0 0
0 0
0 0
0 0
0 0
0 0
0 0
0 0
0 0
0 0
0 0
0 0
0 0
0 0
0 0
0 0
0 0
0 0
0 0
0 0
0 0
0 0
0 0
0 0
0 0
0 0
0 0
60.2703 33.7469
60.3307 33.7469
60.2832 33.7469
60.4387 40.0795
60.5454 33.7469
60.7415 33.7469
60.5985 33.7469
60.6187 39.7555
60.4222 39.7835
0 0
0 0
0 0
61.9307 55.0401
61.7656 61.6578
62.122 68.0617
62.8967 74.2455
61.9918 85.9713
61.672 93.9656
62.1782 102.399
61.996 110.055
61.9613 116.822
61.9224 124.943
60.8813 133.222
60.7056 140.599
60.2622 144.987
60.3345 150.63
59.7559 155.47
60.2006 162.251
59.9564 167.378
59.6386 171.861
59.4073 172.222
0 0
0 0
0 0
0 0
0 0
0 0
0 0
0 0
0 0
57.4361 186.328
57.4485 186.358
57.4881 186.405
0 0
0 0
0 0
0 0
56.3819 187.652
0 0
0 0
0 0
0 0
0 0
0 0
0 0
0 0
0 0
55.8339 189.083
56.0059 189.229
0 0
0 0
0 0
0 0
0 0
0 0
0 0
0 0
0 0
0 0
0 0
0 0
0 0
53.9078 195.227
0 0
0 0
0 0
0 0
0 0
0 0
0 0
0 0
0 0
0 0
0 0
0 0
0 0
0 0
0 0
0 0
0 0
0 0
0 0
0 0
0 0
0 0
0 0
0 0
0 0
0 0
0 0
0 0
0 0
0 0
0 0
0 0
0 0
0 0
0 0
0 0
0 0
0 0
0 0
0 0
0 0
0 0
0 0
0 0
0 0
62.0868 33.7469
60.9103 33.7469
60.4382 33.7469
60.0472 33.7469
59.9707 33.7469
60.0501 33.7469
60.1369 33.7469
60.3243 33.7469
60.3343 33.7469
60.3666 39.514
60.4278 39.4378
60.3461 39.4129
60.2409 39.463
60.2409 39.463
0 0
0 0
60.6549 46.5753
60.8962 55.3632
62.1307 57.0385
62.1117 67.3937
62.3884 69.8599
62.8632 74.8339
0 0
0 0
0 0
0 0
0 0
61.5087 113.63
61.4406 120.526
60.3388 125.622
60.351 133.169
60.1641 137.084
59.6304 141.226
59.346 146.299
59.3751 148.844
59.0045 153.755
59.1141 153.961
58.9548 162.091
58.8333 164.415
58.5934 165.992
58.0133 170.306
57.8095 170.816
57.7602 172.63
57.0804 177.214
56.2271 186.448
56.169 186.523
56.0472 186.515
54.7285 187.646
54.583 187.653
54.1965 187.706
53.8192 188.117
0 0
0 0
0 0
53.3158 188.605
53.258 188.703
53.1607 188.805
52.8475 188.955
0 0
0 0
0 0
0 0
0 0
0 0
0 0
0 0
0 0
50.0082 191.553
49.1268 191.932
48.5092 191.878
47.289 192.093
47.2947 191.404
47.1371 189.928
0 0
0 0
38.7874 193.707
40.9294 195.227
41.8292 195.227
53.9078 195.227
0 0
0 0
0 0
0 0
0 0
0 0
0 0
0 0
0 0
0 0
0 0
0 0
0 0
0 0
0 0
0 0
0 0
0 0
0 0
0 0
0 0
0 0
0 0
0 0
0 0
0 0
0 0
0 0
0 0
0 0
0 0
0 0
0 0
0 0
0 0
0 0
0 0
0 0
0 0
0 0
0 0
0 0
0 0
0 0
0 0
0 0
0 0
0 0
0 0
62.1865 33.7469
61.435 33.7469
60.9181 33.7469
60.4564 33.7469
0 0
0 0
0 0
0 0
0 0
0 0
0 0
60.9264 40.1422
60.7621 40.174
60.5184 40.0486
60.4558 42.2459
60.4558 42.2459
61.5207 51.0828
61.0568 56.4154
61.8459 59.7773
62.112 67.8232
60.7024 74.0094
60.9626 77.1837
60.8907 83.4785
60.2081 90.7723
59.1818 97.6977
59.1141 104.02
58.6766 109.339
57.9603 114.647
58.3787 118.62
57.9685 124.563
57.2988 127.417
0 0
0 0
0 0
56.243 143.475
56.3314 146.846
56.2072 149.237
55.288 153.198
55.2289 155.596
55.3584 160.973
54.7845 161.226
55.2391 165.724
54.7444 168.927
54.8213 171.359
53.9881 177.736
53.6543 182.311
53.4958 187.084
0 0
0 0
0 0
0 0
0 0
0 0
51.7647 188.903
51.4555 189.14
51.2547 189.268
51.2184 189.437
50.8948 189.675
50.5194 189.946
50.2807 190.13
0 0
0 0
0 0
0 0
0 0
0 0
46.3577 192.764
44.8828 193.52
44.0376 193.851
42.2043 194.092
42.215 193.71
40.3445 193.308
41.8913 190.695
41.9812 191.178
40.4012 192.369
38.6734 193.594
0 0
0 0
0 0
0 0
0 0
0 0
0 0
0 0
0 0
0 0
0 0
0 0
0 0
0 0
0 0
0 0
0 0
0 0
0 0
0 0
0 0
0 0
0 0
0 0
0 0
0 0
0 0
0 0
0 0
0 0
0 0
0 0
0 0
0 0
0 0
0 0
0 0
0 0
0 0
0 0
0 0
0 0
0 0
0 0
0 0
0 0
0 0
0 0
72.2376 33.7469
66.0693 33.7469
62.1865 33.7469
61.1968 33.7469
60.4321 33.7469
59.9758 33.7469
59.991 33.7469
0 0
0 0
0 0
0 0
60.6171 33.7469
60.609 40.4752
60.3643 40.3717
60.0256 40.174
60.0095 40.0486
59.9939 39.928
59.9072 39.8985
58.4695 47.8209
58.0983 51.9316
57.9594 52.2653
59.3435 61.8825
58.0592 69.3608
57.5757 75.634
55.9885 84.3848
56.8862 89.7722
56.1325 97.5737
0 0
0 0
54.3399 116.409
53.4285 123.464
52.5324 127.835
52.1716 133.471
52.0501 137.155
51.6026 142.007
50.9219 145.7
51.2389 148.821
51.3541 153.06
50.8735 156.652
50.4799 160.372
49.7803 163.878
49.7658 166.706
49.2265 174.003
48.1284 184.721
48.0109 184.909
47.6032 190.003
47.7493 189.845
47.9536 189.828
47.7346 190.214
47.9622 190.111
47.7836 190.245
47.976 190.276
47.6427 190.375
47.7568 190.412
47.766 190.523
47.5594 190.742
47.3696 190.868
47.2711 191.087
46.8741 191.3
46.4506 191.693
46.1104 191.952
45.796 192.142
45.3232 192.499
44.807 192.992
44.5431 193.172
44.1034 193.584
43.4164 194.125
0 0
0 0
0 0
0 0
38.3014 194.509
38.7035 193.225
40.7189 190.792
38.701 192.054
39.3654 192.156
37.3468 193.427
38.3938 195.227
40.5982 195.227
21.7035 195.227
0 0
0 0
0 0
0 0
0 0
0 0
0 0
0 0
0 0
0 0
0 0
0 0
0 0
0 0
0 0
0 0
0 0
0 0
0 0
0 0
0 0
0 0
0 0
0 0
0 0
0 0
0 0
0 0
0 0
0 0
0 0
0 0
0 0
0 0
0 0
0 0
0 0
0 0
0 0
0 0
0 0
0 0
0 0
0 0
72.2376 33.7469
65.2029 33.7469
61.9596 33.7469
61.3105 33.7469
60.8497 33.7469
60.5305 33.7469
60.5452 33.7469
60.5864 33.7469
60.4634 33.7469
60.6617 33.7469
60.6756 33.7469
60.7392 39.7555
60.711 39.6457
60.5584 39.6728
60.5584 39.6728
60.4728 39.6457
60.398 39.6728
60.2792 39.6728
60.7953 46.8024
60.2223 42.0473
60.5747 47.2815
59.6 60.0053
59.0914 56.9436
59.5989 63.8639
57.7266 72.9826
56.939 87.2308
57.1515 93.0113
55.9402 100.471
55.7178 107.432
54.4161 113.549
53.9804 118.109
53.2653 123.158
52.2637 129.064
51.9325 134.683
51.6847 140
51.0114 143.718
50.6661 147.723
50.2407 152.523
49.7461 155.438
49.0747 162.448
48.3754 166.29
48.2633 172.865
48.0013 174.926
47.0208 180.988
46.4146 185.905
46.5123 190.394
46.4254 190.625
46.3535 190.684
46.5163 190.722
47.0356 190.58
46.8134 190.72
47.2418 190.575
47.1382 190.717
47.106 190.832
46.9211 190.967
0 0
0 0
0 0
0 0
0 0
45.8012 192.131
45.416 192.406
44.9555 192.851
44.7479 193.08
44.6686 193.294
44.4022 193.655
43.7776 194.093
43.2887 194.425
41.7247 194.88
40.9074 194.872
40.8054 194.295
38.7803 194.043
39.4041 192.768
38.4079 191.656
38.701 192.054
36.727 193.361
37.3468 193.427
38.3938 195.227
21.7035 195.227
0 0
0 0
21.7035 195.227
0 0
0 0
0 0
0 0
0 0
0 0
0 0
0 0
0 0
0 0
0 0
0 0
0 0
0 0
0 0
0 0
0 0
0 0
0 0
0 0
0 0
0 0
0 0
0 0
0 0
0 0
0 0
0 0
0 0
0 0
0 0
0 0
0 0
0 0
0 0
0 0
0 0
0 0
0 0
0 0
0 0
0 0
0 0
65.4106 33.7469
0 0
0 0
0 0
0 0
60.3785 33.7469
60.3701 33.7469
60.5365 33.7469
60.552 33.7469
60.7452 33.7469
60.8184 33.7469
60.7267 39.4129
60.7267 39.4129
60.6248 39.463
60.6698 39.4884
60.5518 41.6066
60.4474 41.6767
61.4916 50.05
61.0588 55.5472
61.0396 56.2165
60.1282 66.3677
59.2157 75.9501
59.7281 84.213
59.2283 89.9175
59.4684 97.3808
58.2209 103.822
58.0897 111.999
58.2706 115.674
57.5933 122.928
57.1605 127.728
56.6796 131.454
56.7048 134.661
56.2764 139.138
56.0311 142.663
55.5113 146.759
55.4915 148.794
55.2923 152.987
54.3516 155.728
54.4101 157.467
54.555 165.439
54.1112 167.689
54.6045 168.015
54.2963 171.743
53.853 172.375
52.8542 182.784
52.7217 182.86
52.6794 183.127
52.0395 188.439
51.9356 188.44
51.7212 188.747
51.9731 188.626
51.7254 188.849
51.6219 189.133
51.5347 189.113
0 0
0 0
51.307 189.501
51.1286 189.689
51.0537 189.827
50.8793 189.996
50.7523 190.228
50.8052 190.372
51.0638 190.461
51.2394 190.571
51.2539 190.783
51.2745 191.012
50.6674 191.271
50.3701 191.253
49.8975 191.088
49.0898 191.149
48.3775 190.691
48.3588 189.658
47.1518 190.139
46.1143 190.987
43.857 191.598
40.474 195.227
40.4841 195.227
42.1971 195.227
21.7035 195.227
0 0
0 0
0 0
0 0
0 0
0 0
0 0
0 0
0 0
0 0
0 0
0 0
0 0
0 0
0 0
0 0
0 0
0 0
0 0
0 0
0 0
0 0
0 0
0 0
0 0
0 0
0 0
0 0
0 0
0 0
0 0
0 0
0 0
0 0
0 0
0 0
0 0
0 0
0 0
0 0
0 0
0 0
0 0
0 0
65.3505 33.7469
61.8624 33.7469
61.3593 33.7469
60.9384 33.7469
60.5618 33.7469
60.5834 33.7469
60.4997 33.7469
60.5477 39.8119
60.6969 39.7555
60.8799 33.7469
60.8605 39.6189
60.9325 39.5923
60.8292 39.6457
61.6033 43.6671
61.4346 43.8049
61.1787 45.9349
61.5266 50.8506
61.2575 56.5161
61.4473 58.1462
60.828 69.7259
60.6269 77.5126
59.9482 84.8756
60.3127 89.0951
60.0115 95.8941
0 0
0 0
0 0
0 0
58.8174 127.985
58.3976 131.717
58.184 137.397
57.7522 140.952
0 0
0 0
0 0
56.7715 154.446
56.7383 162.077
56.6177 162.687
55.9648 168.073
55.4947 170.628
55.6591 172.714
54.4384 177.437
54.0456 182.288
54.0992 187.17
53.9791 187.166
54.2832 187.104
54.1054 187.203
54.1385 187.042
53.3258 188.116
53.1577 188.134
53.3537 188.101
52.835 188.452
52.6647 188.536
52.6883 188.655
52.3356 188.998
52.4118 188.961
52.3227 189.107
52.1427 189.289
51.879 189.403
51.7902 189.512
51.3686 189.831
51.4648 189.965
51.1404 190.167
50.8675 190.461
50.5859 190.71
50.6145 190.901
50.418 191.128
50.107 191.456
49.5282 191.58
0 0
0 0
0 0
48.097 190.153
46.5874 190.536
46.6591 190.935
44.0815 191.887
41.5008 195.227
40.9294 195.227
41.8292 195.227
40.5982 195.227
0 0
0 0
0 0
0 0
0 0
0 0
0 0
0 0
0 0
0 0
0 0
0 0
0 0
0 0
0 0
0 0
0 0
0 0
0 0
0 0
0 0
0 0
0 0
0 0
0 0
0 0
0 0
0 0
0 0
0 0
0 0
0 0
0 0
0 0
0 0
0 0
0 0
0 0
0 0
0 0
0 0
0 0
0 0
0 0
0 0
59.4929 195.227
0 0
66.484 33.7469
62.2649 33.7469
62.0856 33.7469
61.6525 33.7469
60.8722 33.7469
60.6961 33.7469
60.6581 40.1106
60.7595 33.7469
60.8799 33.7469
60.8486 33.7469
60.8486 33.7469
60.7869 33.7469
60.6698 39.4884
60.566 39.5399
60.5211 39.514
60.3763 39.566
60.3021 39.5923
60.9625 45.5557
60.2119 41.9704
61.3421 50.9273
60.0362 56.7203
59.6163 62.3849
58.2264 70.1522
58.2587 72.0235
57.2494 81.8743
55.7718 90.2827
56.2614 94.5499
55.5215 98.763
55.3359 107.822
54.7135 111.363
54.5602 115.493
53.7506 121.211
53.5745 124.857
53.5692 129.47
52.8544 133.502
53.5357 137.744
53.0695 141.316
52.6873 145.069
52.5022 149.093
51.9541 152.009
51.9939 156.538
51.47 161.485
51.5499 163.828
51.9376 171.707
49.4852 182.562
0 0
0 0
0 0
49.0625 189.48
49.2654 189.625
48.8727 189.942
48.8739 189.993
48.6614 190.232
48.9071 190.105
48.7174 190.422
48.5433 190.543
0 0
0 0
0 0
0 0
46.8345 191.893
46.2677 192.28
45.754 192.581
45.101 193.188
44.3308 193.539
43.5411 194.06
0 0
0 0
40.3005 194.655
38.719 194.555
38.6959 193.268
38.0204 192.26
39.4419 192.42
36.9976 193.849
38.0325 195.227
40.1521 195.227
21.7035 195.227
0 0
0 0
0 0
21.7035 195.227
0 0
0 0
0 0
0 0
0 0
0 0
0 0
0 0
0 0
0 0
0 0
0 0
0 0
0 0
0 0
0 0
0 0
0 0
0 0
0 0
0 0
0 0
0 0
0 0
0 0
0 0
0 0
0 0
0 0
0 0
0 0
0 0
0 0
0 0
0 0
0 0
0 0
0 0
0 0
0 0
0 0
0 0
66.484 33.7469
65.6317 33.7469
61.9596 33.7469
61.4831 33.7469
60.5711 33.7469
60.2261 33.7469
60.1459 33.7469
60.1059 33.7469
60.356 33.7469
60.6177 33.7469
60.5734 40.1106
60.6378 40.018
60.4091 39.928
60.374 39.9577
60.1855 42.0862
60.1512 39.8694
60.8918 45.8792
60.9083 45.991
60.4053 51.4546
58.3322 53.4752
59.1383 57.5681
59.5844 62.7737
58.2014 71.9655
58.0468 77.0582
57.8202 81.4388
58.5473 89.629
56.6573 96.9662
56.7437 102.691
56.0169 107.627
55.4196 111.363
55.1775 116.255
54.9654 120.467
54.2789 123.953
53.8542 127.072
53.6713 131.388
53.9732 135.977
53.2958 139.206
53.0689 142.204
53.3203 146.041
52.6641 150.196
52.2891 152.462
51.9293 156.652
52.0515 160.328
51.9197 164.186
50.7194 173.413
50.5852 174.105
49.6985 184.563
49.8812 189.277
49.5294 189.692
49.6533 189.465
49.4243 189.739
49.3027 189.762
49.1598 190.134
49.2287 190.087
49.1386 190.3
49.0076 190.358
0 0
0 0
0 0
48.4564 191.036
48.1845 191.27
47.9174 191.456
47.4558 191.815
46.7624 192.378
46.3528 192.721
46.1223 192.903
45.4847 193.516
44.8544 194.032
44.7787 193.953
42.9393 195.072
42.6731 194.579
41.5545 194.528
40.8021 194.324
0 0
0 0
0 0
40.0749 195.227
40.4841 195.227
42.1971 195.227
0 0
0 0
0 0
0 0
0 0
0 0
0 0
0 0
0 0
0 0
0 0
0 0
0 0
0 0
0 0
0 0
0 0
0 0
0 0
0 0
0 0
0 0
0 0
0 0
0 0
0 0
0 0
0 0
0 0
0 0
0 0
0 0
0 0
0 0
0 0
0 0
0 0
0 0
0 0
0 0
0 0
0 0
0 0
0 0
0 0
0 0
0 0
0 0
72.2376 33.7469
65.2464 33.7469
62.597 33.7469
61.4846 33.7469
61.0984 33.7469
60.9054 33.7469
60.7427 33.7469
60.5007 33.7469
60.6082 33.7469
60.7332 33.7469
60.7642 33.7469
60.9019 33.7469
61.0061 33.7469
61.0768 40.3717
60.9612 40.4404
61.9462 44.8881
62.2386 50.4809
62.3919 54.1667
63.0582 57.7011
63.6341 62.4226
63.9092 67.4932
63.9743 75.0505
62.9993 84.1404
62.1202 97.5628
62.2602 100.802
61.9647 107.597
61.8059 112.435
60.7587 118.623
60.2751 123.245
60.0128 129.27
59.2066 132.587
59.4169 137.041
59.335 139.134
59.3068 142.348
58.8843 146.114
59.1364 147.47
59.306 153.194
59.4136 154.986
58.6138 160.018
58.5104 160.618
58.3952 161.912
58.0589 161.946
58.1898 163.926
58.054 164.168
57.9283 164.478
58.0341 164.538
57.9283 164.478
57.9342 164.594
57.8608 164.882
57.6676 164.937
57.5066 165.218
57.5066 165.218
57.4167 167.584
56.7928 169.255
56.5019 169.537
56.9267 170.924
56.5678 171.03
56.5678 171.03
55.1568 174.652
55.3125 174.674
55.2235 174.674
55.1125 174.652
55.2526 178.97
54.8534 174.82
54.0806 179.004
54.4434 174.852
53.7819 183.536
53.7599 183.491
55.1377 173.248
54.3133 177.568
55.097 173.023
55.1643 172.85
54.6414 172.737
54.8834 172.675
54.3565 172.52
53.9934 172.198
53.7205 172.26
53.6403 171.894
53.2472 171.562
52.5444 171.283
52.2604 171.084
52.3784 170.905
50.7064 176.491
50.1407 182.424
50.3142 176.311
48.1892 189.534
0 0
0 0
0 0
0 0
0 0
0 0
0 0
0 0
44.9496 183.021
45.1881 175.154
46.6356 168.5
44.5986 175.213
44.5986 175.213
45.866 168.676
44.2159 172.744
45.2794 165.685
44.9418 165.684
44.9418 165.684
44.9418 165.684
44.049 160.1
43.9537 159.883
43.9537 159.883
43.9537 159.883
42.4092 158.811
42.3791 152.635
44.5258 156.844
42.8986 147.246
42.1932 145.277
43.489 144.544
42.7303 142.888
42.7836 142.561
42.9162 142.23
42.945 139.85
42.8919 138.469
42.9188 135.867
43.1857 135.121
43.8462 133.274
43.8462 133.274
43.7399 133.478
42.9848 133.169
43.5581 131.486
43.937 131.675
43.8632 128.734
44.2844 125.872
44.3166 127.069
44.3166 127.069
44.4965 124.971
44.828 124.337
44.8984 123.868
44.6455 124.512
44.9353 123.275
45.0892 122.798
44.6455 124.512
44.9666 125.285
45.3698 124.209
45.3698 124.209