58.9032 33.7469
59.294 33.7469
59.1031 33.7469
58.9277 33.7469
59.1031 33.7469
59.103 33.7469
59.1031 33.7469
59.1031 33.7469
59.1031 33.7469
59.2276 33.7469
59.3292 33.7469
59.3179 33.7469
59.3076 33.7469
59.2983 33.7469
59.2898 33.7469
59.4817 42.4666
59.4673 42.1344
60.4501 51.616
60.427 51.3106
58.6632 57.6139
57.6182 49.0633
58.6632 57.6139
58.73 57.8095
60.4501 51.616
58.6484 58.4162
60.4739 51.9323
60.4986 52.26
60.4986 52.26
60.5894 52.4283
60.5242 52.5996
60.4578 52.7742
60.5508 52.952
60.5508 52.952
60.5508 52.952
60.5133 65.4022
58.661 62.3239
58.5804 62.5791
58.7095 71.7389
58.9721 66.2208
58.6334 72.0609
58.4308 77.1763
56.2674 86.6798
55.7931 92.2471
59.4191 91.5347
56.5944 101.503
56.6226 103.5
0 0
0 0
0 0
0 0
57.0748 132.194
55.7875 138.559
55.75 143.428
56.618 147.78
55.7582 152.987
0 0
0 0
0 0
55.6282 171.398
55.6741 175.577
55.3411 179.735
55.2227 187.586
54.959 187.804
54.6388 187.975
54.5524 188.167
54.1297 188.415
53.8733 188.533
53.7031 188.705
53.5708 188.892
53.1734 189.1
52.8324 189.385
52.4975 189.636
51.9163 190.038
51.386 190.404
50.9423 190.783
49.911 191.474
49.2459 192.002
48.5236 192.597
48.0644 193.092
47.0883 193.828
46.9192 193.966
46.4987 194.27
45.5617 194.386
46.3578 194.115
42.2044 196.161
42.677 196.377
0 0
0 0
0 0
0 0
0 0
0 0
0 0
0 0
0 0
0 0
0 0
0 0
0 0
0 0
0 0
0 0
0 0
0 0
0 0
0 0
0 0
0 0
0 0
0 0
0 0
0 0
0 0
0 0
0 0
0 0
0 0
0 0
0 0
0 0
0 0
0 0
0 0
0 0
0 0
0 0
0 0
0 0
0 0
0 0
0 0
0 0
0 0
0 0
0 0
0 0
0 0
0 0
0 0
0 0
0 0
67.6958 33.7469
62.1964 33.7469
0 0
0 0
0 0
59.5804 33.7469
59.4294 33.7469
59.4136 33.7469
59.4063 33.7469
59.3927 33.7469
0 0
0 0
0 0
0 0
60.1012 54.2977
60.1447 44.2313
60.1012 54.2977
0 0
0 0
0 0
0 0
54.0909 111.898
54.1984 114.425
53.6528 121.834
52.083 129.343
52.9044 134.582
0 0
0 0
0 0
0 0
0 0
0 0
0 0
0 0
50.6221 170.134
50.4519 172.908
50.2828 174.451
0 0
0 0
0 0
49.5659 185.632
49.7713 189.933
49.2772 190.399
49.4334 190.282
0 0
0 0
0 0
0 0
0 0
0 0
49.5163 190.709
49.7348 190.7
49.8472 190.716
49.8089 190.856
0 0
0 0
0 0
0 0
0 0
0 0
50.1793 191.368
50.3753 191.535
50.3759 191.669
50.5921 191.782
50.5196 192.02
50.3016 192.354
50.0818 192.664
49.5555 193.183
49.4704 193.555
48.8701 193.967
48.7611 194.181
48.4108 194.395
48.7505 193.988
49.1766 193.82
49.7021 193.247
49.899 193.016
50.6438 192.773
48.0687 193.88
45.4045 195.935
53.9078 195.227
59.4929 195.227
0 0
0 0
0 0
0 0
0 0
0 0
0 0
0 0
0 0
0 0
0 0
0 0
0 0
0 0
0 0
0 0
0 0
0 0
0 0
0 0
0 0
0 0
0 0
0 0
0 0
0 0
0 0
0 0
0 0
0 0
0 0
0 0
0 0
0 0
0 0
0 0
0 0
0 0
0 0
0 0
0 0
0 0
0 0
0 0
61.9673 33.7469
60.3306 33.7469
59.9623 33.7469
59.6916 33.7469
59.5222 33.7469
59.3927 33.7469
59.3802 33.7469
59.4611 33.7469
59.537 33.7469
60.5675 44.5199
60.3876 54.2977
60.3876 54.2977
61.7936 67.3716
61.7008 70.3947
62.2014 82.4099
62.5949 85.8695
62.8136 94.7206
60.1942 107.952
59.6648 116.279
59.0757 125.059
59.8127 130.24
58.4506 137.937
58.2054 143.342
58.0572 148.875
56.4153 156.081
0 0
0 0
0 0
55.1209 171.731
54.8412 175.229
0 0
0 0
0 0
0 0
0 0
0 0
0 0
0 0
0 0
0 0
52.8432 188.695
52.9354 188.635
52.8833 188.705
52.8807 188.787
52.9389 188.732
52.9341 188.776
52.9608 188.859
52.9725 188.923
52.9928 188.935
52.7614 189.125
52.9807 189.105
0 0
0 0
52.6952 189.493
52.7421 189.489
52.5593 189.685
52.4739 189.77
52.4561 189.914
52.4677 190.026
52.5138 190.148
52.4799 190.338
52.3508 190.582
52.3308 190.808
52.0202 191.127
51.6751 191.506
51.1847 191.936
50.664 192.307
50.1311 192.588
49.8452 192.766
0 0
0 0
0 0
0 0
48.8778 191.553
48.6449 192.248
48.8808 189.574
52.5929 190.208
53.9078 195.227
0 0
0 0
0 0
0 0
0 0
0 0
0 0
0 0
0 0
0 0
0 0
0 0
0 0
0 0
0 0
0 0
0 0
0 0
0 0
0 0
0 0
0 0
0 0
0 0
0 0
0 0
0 0
0 0
0 0
0 0
0 0
0 0
0 0
0 0
0 0
0 0
0 0
0 0
0 0
0 0
0 0
0 0
0 0
0 0
60.8216 33.7469
60.2642 33.7469
59.9137 33.7469
59.4878 33.7469
59.4294 33.7469
0 0
0 0
0 0
59.3802 33.7469
60.4144 55.964
60.3482 56.166
61.9038 73.2578
63.233 79.0026
62.668 88.7061
63.2045 95.5074
60.1854 109.107
58.8955 118.992
58.776 123.229
57.2716 133.17
56.4692 141.355
56.0197 145.52
0 0
0 0
0 0
0 0
53.9809 167.804
53.6547 171.901
53.4835 175.954
53.1525 179.91
52.2797 189.033
0 0
0 0
0 0
0 0
0 0
51.6878 189.325
51.4982 189.423
0 0
0 0
0 0
51.1268 189.83
51.07 189.797
51.3713 189.723
50.9411 190.033
51.0232 190.041
50.9825 190.1
51.057 190.081
50.7944 190.359
50.7493 190.398
50.945 190.35
0 0
0 0
0 0
0 0
50.5624 190.907
0 0
0 0
0 0
0 0
0 0
0 0
48.7952 192.726
48.4378 193.15
48.0666 193.634
47.2504 194.254
46.8649 194.739
46.233 195.188
46.0101 195.451
45.7378 195.285
45.3945 195.394
45.9999 194.948
46.6547 194.184
41.9531 196.528
42.6162 195.425
40.5458 198.587
53.9078 195.227
0 0
0 0
0 0
0 0
0 0
0 0
0 0
0 0
0 0
0 0
0 0
0 0
0 0
0 0
0 0
0 0
0 0
0 0
0 0
0 0
0 0
0 0
0 0
0 0
0 0
0 0
0 0
0 0
0 0
0 0
0 0
0 0
0 0
0 0
0 0
0 0
0 0
0 0
0 0
0 0
0 0
0 0
0 0
0 0
0 0
0 0
61.3944 33.7469
60.5974 33.7469
59.8074 33.7469
59.4661 33.7469
59.2118 33.7469
59.2066 33.7469
59.3076 33.7469
0 0
0 0
60.4634 56.7945
60.3482 56.166
60.2595 55.964
61.5429 66.8078
61.0746 77.1014
60.978 78.4598
62.0572 84.2402
60.3338 90.8367
59.0536 99.1376
59.0978 102.994
58.3946 112.073
58.7741 115.283
58.3995 120.686
56.548 130.669
56.3326 135.016
55.6743 140.731
55.3176 144.268
54.2765 150.667
54.3346 152.793
53.9071 156.357
53.5228 158.944
53.1764 161.463
53.1865 163.814
52.8334 165.615
52.682 168.132
51.9588 169.949
52.4362 171.535
52.0227 175.296
51.6688 177.873
51.8245 178.028
51.3131 180.125
50.9491 184.682
50.7455 184.966
50.5477 189.491
50.7759 189.336
50.7775 189.486
0 0
0 0
0 0
0 0
0 0
0 0
0 0
50.2954 190.437
50.2233 190.541
50.2318 190.558
49.8604 190.917
49.9017 190.914
49.7409 191.153
49.7639 191.348
49.7554 191.527
49.8038 191.673
0 0
0 0
0 0
0 0
0 0
46.9174 194.306
46.2885 194.597
0 0
0 0
0 0
44.0141 194.564
44.1866 193.955
42.7142 194.181
42.699 194.581
43.3065 193.223
42.1971 195.227
0 0
0 0
0 0
0 0
0 0
0 0
0 0
0 0
0 0
0 0
0 0
0 0
0 0
0 0
0 0
0 0
0 0
0 0
0 0
0 0
0 0
0 0
0 0
0 0
0 0
0 0
0 0
0 0
0 0
0 0
0 0
0 0
0 0
0 0
0 0
0 0
0 0
0 0
0 0
0 0
0 0
0 0
0 0
0 0
0 0
0 0
0 0
60.5974 33.7469
59.8074 33.7469
59.6916 33.7469
59.4136 33.7469
59.485 33.7469
59.3744 33.7469
59.4538 33.7469
60.3471 54.8247
60.306 54.1279
60.2257 53.9608
60.4691 56.8139
61.5661 64.2338
62.5331 73.5999
61.9017 79.6102
62.3246 84.2406
60.2981 91.7936
59.605 101.547
59.4626 107.782
59.0926 116.636
59.023 121.533
59.0246 128.527
59.1839 132.78
58.2522 139.293
57.9928 144.201
57.6942 149.268
57.238 153.628
56.0842 158.42
55.3354 162.321
55.558 164.343
55.4962 167.843
55.4776 170.271
54.8743 173.549
54.9245 174.879
54.7106 178.837
54.6647 178.915
54.7133 187.643
54.3676 188.005
54.0333 187.977
54.2341 187.95
54.2861 187.919
54.0608 188.299
54.1978 188.143
53.9177 188.301
54.1769 188.175
53.959 188.441
54.1197 188.246
54.1956 188.298
54.101 188.347
53.8096 188.605
53.7962 188.604
53.7748 188.731
53.4978 188.982
53.5385 188.964
53.6631 189.043
53.4426 189.23
53.3765 189.388
53.3137 189.521
53.1983 189.683
53.2413 189.83
53.089 190.072
53.0817 190.226
0 0
0 0
0 0
52.116 191.534
51.8691 191.697
51.5216 191.828
0 0
0 0
0 0
0 0
0 0
54.6911 187.599
53.4707 189.978
49.5889 191.028
53.9078 195.227
0 0
0 0
0 0
0 0
0 0
0 0
0 0
0 0
0 0
0 0
0 0
0 0
0 0
0 0
0 0
0 0
0 0
0 0
0 0
0 0
0 0
0 0
0 0
0 0
0 0
0 0
0 0
0 0
0 0
0 0
0 0
0 0
0 0
0 0
0 0
0 0
0 0
0 0
0 0
0 0
0 0
0 0
0 0
0 0
67.6958 33.7469
60.2642 33.7469
60.0237 33.7469
59.5804 33.7469
59.4136 33.7469
59.3927 33.7469
59.3802 33.7469
59.3744 33.7469
60.5553 45.0378
60.4552 55.3793
60.4319 55.0064
60.6806 57.9673
60.5754 66.1073
62.0619 79.7934
62.0619 79.7934
62.0171 82.6008
62.2065 84.507
60.6177 96.0791
59.4717 101.745
58.4438 111.659
57.8226 115.488
57.7593 121.685
57.7287 126.666
57.081 132.478
57.0098 139.044
56.6133 143.491
56.3293 149.167
55.8991 152.686
55.566 156.048
54.0017 161.208
53.8975 163.523
53.7489 164.82
53.3827 167.629
53.3288 170.141
53.3366 170.605
52.5648 174.535
52.2008 178.716
51.9683 179.335
52.0302 179.63
51.4922 184.052
51.5008 188.683
51.493 188.689
51.2825 188.778
51.1064 188.947
50.9755 189.092
51.138 189.028
51.2119 188.965
51.1176 189.184
51.0012 189.276
50.8695 189.451
50.912 189.518
50.7232 189.726
50.5681 189.779
50.4433 189.984
50.2191 190.14
50.0378 190.252
49.8877 190.452
49.4657 190.762
49.2269 190.883
48.7792 191.155
48.5174 191.392
48.1368 191.641
47.5362 192.084
47.3546 192.428
46.8687 192.872
46.3101 193.316
45.8992 193.466
44.593 194.049
43.9406 194.201
43.5318 194.041
42.7287 193.805
42.4169 193.377
42.4226 192.379
44.1448 190.382
44.1924 190.608
38.2729 193.223
42.1971 195.227
0 0
0 0
0 0
0 0
0 0
0 0
0 0
0 0
0 0
0 0
0 0
0 0
0 0
0 0
0 0
0 0
0 0
0 0
0 0
0 0
0 0
0 0
0 0
0 0
0 0
0 0
0 0
0 0
0 0
0 0
0 0
0 0
0 0
0 0
0 0
0 0
0 0
0 0
0 0
0 0
0 0
0 0
0 0
0 0
0 0
67.6958 33.7469
60.2642 33.7469
60.1583 33.7469
59.5804 33.7469
59.3076 33.7469
59.1975 33.7469
59.2821 33.7469
59.2784 33.7469
59.3634 33.7469
60.3471 54.8247
60.3262 54.4704
60.164 54.1279
60.1789 62.7714
61.8734 78.5974
60.6947 78.9791
61.8611 84.306
59.0632 97.8256
59.2336 103.701
58.9162 110.542
58.3456 118.84
58.3083 124.211
57.8753 128.586
57.7928 136.486
56.9976 142.508
57.1971 145.422
56.7273 151.579
56.0652 156.56
56.0336 160.364
55.6561 163.702
55.2808 167.08
55.0118 169.658
53.7587 174.847
53.8541 178.732
53.6444 178.974
53.1613 187.804
52.5663 188.296
52.5099 188.336
52.5394 188.279
52.6944 188.217
52.2785 188.436
52.0158 188.82
52.0835 188.68
51.9594 188.743
52.0314 188.905
51.9921 188.9
51.9595 188.973
51.9899 189.052
52.0504 189.154
51.9605 189.25
52.0224 189.24
51.9437 189.389
51.7244 189.56
51.7289 189.612
51.5485 189.796
51.3538 190.003
51.1817 190.177
50.9784 190.335
50.8678 190.489
50.6586 190.688
50.5568 190.925
50.3885 191.149
50.0638 191.482
49.8938 191.697
49.4952 192.065
48.9441 192.419
48.814 192.503
48.5638 192.455
48.5621 192.144
48.946 191.384
48.6647 191.082
49.0548 190.018
49.0068 189.894
46.5967 190.8
45.4777 190.773
40.4841 195.227
59.4929 195.227
0 0
0 0
0 0
0 0
0 0
0 0
0 0
0 0
0 0
0 0
0 0
0 0
0 0
0 0
0 0
0 0
0 0
0 0
0 0
0 0
0 0
0 0
0 0
0 0
0 0
0 0
0 0
0 0
0 0
0 0
0 0
0 0
0 0
0 0
0 0
0 0
0 0
0 0
0 0
0 0
0 0
0 0
0 0
60.8216 33.7469
60.6453 33.7469
59.6957 33.7469
59.5804 33.7469
59.1031 33.7469
59.1031 33.7469
59.1031 33.7469
59.1031 33.7469
59.1975 33.7469
59.219 46.5374
60.2391 55.5708
60.2002 54.8247
60.1181 54.646
60.1477 57.5416
60.3897 60.2382
59.8937 71.448
61.915 81.3122
61.7487 83.437
61.8841 88.6798
59.4505 103.73
59.4335 108.958
60.4633 113.423
58.9404 123.557
58.9717 127.444
59.3602 135.143
59.0136 139.693
58.6878 144.049
58.3171 149.227
58.0525 154.264
57.5859 158.03
57.7234 161.532
57.562 163.287
57.426 166.223
57.2627 169.082
56.9579 172.651
56.5682 176.729
56.6234 176.996
56.2078 181.547
56.085 186.171
55.9103 186.243
54.5324 187.408
54.3793 187.472
54.2874 187.43
53.9463 187.813
53.8842 187.837
53.3468 188.021
53.2408 188.062
53.1471 188.272
52.7889 188.384
52.6868 188.592
52.6033 188.564
52.5948 188.63
52.5602 188.799
52.4773 188.872
52.2994 189.093
52.0079 189.316
51.8003 189.451
51.5005 189.656
51.2676 189.854
50.9588 190.127
50.7051 190.303
50.3889 190.547
50.1473 190.772
49.8601 191.082
49.7399 191.42
49.5101 191.738
49.2437 191.983
48.747 192.402
48.5564 192.517
48.4287 192.28
48.1767 192.064
47.8132 191.811
48.7366 190.688
48.3947 189.53
48.9372 190.083
45.6973 190.72
47.2282 191.486
42.1971 195.227
0 0
0 0
0 0
0 0
0 0
0 0
0 0
0 0
0 0
0 0
0 0
0 0
0 0
0 0
0 0
0 0
0 0
0 0
0 0
0 0
0 0
0 0
0 0
0 0
0 0
0 0
0 0
0 0
0 0
0 0
0 0
0 0
0 0
0 0
0 0
0 0
0 0
0 0
0 0
0 0
0 0
0 0
0 0
0 0
61.9673 33.7469
60.2748 33.7469
60.1446 33.7469
59.4136 33.7469
59.2821 33.7469
59.1865 33.7469
59.1834 33.7469
59.2622 33.7469
59.35 44.7883
60.3265 53.3191
60.1731 53.0133
60.1575 56.2701
61.5535 64.2582
60.943 74.0176
61.917 79.506
61.8611 84.306
62.5106 89.383
62.685 93.2874
60.3066 108.989
60.5146 112.611
59.9762 120.441
60.7748 126.06
59.8299 132.231
59.403 139.156
58.5761 143.815
58.3171 149.227
57.7693 153.986
57.4482 156.702
56.9141 159.935
56.6648 162.728
56.1452 165.25
55.9989 168.337
55.8948 169.338
55.8366 173.023
55.3691 175.574
55.2017 177.291
54.7794 181.94
54.7997 186.681
53.6383 187.695
53.5935 187.751
53.4239 187.806
53.6403 187.626
53.4868 187.96
53.3327 188.144
52.9778 188.179
52.82 188.456
52.8606 188.475
52.8593 188.533
52.8569 188.592
52.8203 188.651
52.8705 188.715
52.8074 188.857
52.5781 189.085
52.6747 189.075
52.6922 189.26
52.7018 189.331
52.8009 189.441
52.828 189.564
53.0087 189.743
53.0701 189.787
53.1549 189.959
53.0785 190.258
52.7253 190.571
52.4702 190.936
51.9729 191.229
51.5672 191.426
50.9896 191.563
51.2129 190.91
50.9327 190.611
51.3401 189.786
52.2405 188.32
50.6184 189.897
48.8409 191.261
52.5929 190.208
53.9078 195.227
0 0
0 0
0 0
0 0
0 0
0 0
0 0
0 0
0 0
0 0
0 0
0 0
0 0
0 0
0 0
0 0
0 0
0 0
0 0
0 0
0 0
0 0
0 0
0 0
0 0
0 0
0 0
0 0
0 0
0 0
0 0
0 0
0 0
0 0
0 0
0 0
0 0
0 0
0 0
0 0
0 0
0 0
0 0
67.6958 33.7469
60.2642 33.7469
60.1583 33.7469
59.6759 33.7469
59.3994 33.7469
59.2821 33.7469
59.2683 33.7469
59.344 33.7469
59.2593 33.7469
59.3312 33.7469
59.2668 44.165
60.1812 52.0143
60.1101 51.88
60.1812 52.0143
60.1812 52.0143
60.1252 52.1506
60.3679 58.4979
61.8818 78.934
0 0
62.1042 82.2856
62.7214 89.1032
60.8722 100.227
61.8233 106.472
60.8148 115.279
61.1336 120.226
58.8917 128.069
59.8814 134.459
59.2295 139.785
59.2739 144.232
58.5265 148.85
57.8183 152.324
58.1244 155.49
57.5474 158.926
57.5006 159.079
56.8679 162.221
56.8498 163.265
57.0995 165.822
56.9834 168.232
56.6387 169.168
56.4527 171.526
56.3762 172.913
56.4906 173.16
56.0895 175.661
56.2473 177.212
55.8725 181.671
56.0429 186.179
55.1143 187.193
54.8251 187.569
54.7601 187.579
54.5574 187.774
0 0
0 0
0 0
54.0071 188.248
54.0489 188.251
0 0
0 0
53.846 188.652
54.0827 188.664
53.999 188.712
53.7766 189.019
53.6383 189.168
53.3687 189.351
53.2078 189.513
52.7322 189.936
52.3888 190.336
51.7585 190.702
50.9144 191.17
50.3788 191.439
49.8437 191.711
49.7513 191.324
48.7984 191.477
49.1571 190.324
48.7282 189.685
46.9934 190.438
48.8409 191.261
49.5889 191.028
50.594 191.308
59.4929 195.227
0 0
0 0
0 0
0 0
0 0
0 0
0 0
0 0
0 0
0 0
0 0
0 0
0 0
0 0
0 0
0 0
0 0
0 0
0 0
0 0
0 0
0 0
0 0
0 0
0 0
0 0
0 0
0 0
0 0
0 0
0 0
0 0
0 0
0 0
0 0
0 0
0 0
0 0
0 0
0 0
0 0
0 0
0 0
0 0
0 0
0 0
60.8216 33.7469
60.2642 33.7469
60.1967 33.7469
59.7082 33.7469
59.4136 33.7469
59.2859 33.7469
59.1865 33.7469
59.2593 33.7469
59.3312 33.7469
59.3234 33.7469
59.3161 33.7469
59.3126 33.7469
59.2416 33.7469
0 0
0 0
0 0
60.0135 51.237
59.1911 43.46
60.0266 51.4886
60.0401 51.7476
59.9859 55.2837
59.4275 61.9442
59.5113 67.7902
57.7477 78.4887
57.715 82.0234
56.659 96.793
56.5583 105.52
55.6218 112.789
54.9758 116.499
53.9752 122.592
54.2948 128.687
53.9943 132.436
53.1911 137.484
53.0006 142.202
53.0025 145.518
53.1498 148.417
53.3588 151.722
53.1515 153.931
53.5991 156.365
53.335 159.113
52.9797 161.468
53.4367 163.606
52.9543 165.962
52.5678 169.834
52.6624 171.943
52.3517 174.373
52.2093 178.299
52.4845 179.971
51.9085 188.372
51.4906 188.768
51.8048 188.588
51.7822 188.654
51.8576 188.809
52.0317 188.781
51.9607 188.987
52.2045 188.92
52.3809 189.069
52.5998 189.164
52.87 189.175
52.9375 189.343
52.8886 189.53
52.9132 189.638
52.8273 189.857
52.7483 190.025
52.3384 190.459
51.6885 190.912
51.1179 191.124
50.3243 191.65
50.0638 191.399
49.7495 191.229
49.244 190.767
49.3942 189.825
48.1232 190.558
49.325 191.441
49.5889 191.028
54.8934 195.227
0 0
0 0
0 0
0 0
0 0
0 0
0 0
0 0
0 0
0 0
0 0
0 0
0 0
0 0
0 0
0 0
0 0
0 0
0 0
0 0
0 0
0 0
0 0
0 0
0 0
0 0
0 0
0 0
0 0
0 0
0 0
0 0
0 0
0 0
0 0
0 0
0 0
0 0
0 0
0 0
0 0
0 0
0 0
0 0
0 0
67.6958 33.7469
60.9444 33.7469
60.1771 33.7469
59.6238 33.7469
59.4213 33.7469
59.1975 33.7469
59.1031 33.7469
0 0
0 0
0 0
59.2538 33.7469
59.2512 33.7469
60.0539 52.0143
59.9838 51.88
59.9838 51.88
59.9146 51.7476
59.9146 51.7476
59.9172 55.1276
59.3601 61.3484
59.7338 69.3963
60.7897 76.4231
59.6818 88.0091
58.8374 97.7774
58.6742 104.545
56.7033 112.964
57.2788 120.116
56.5758 127.234
55.7195 132.843
54.9218 137.316
54.4811 143.425
54.1954 148.855
54.1237 152.032
53.7324 154.721
0 0
0 0
0 0
0 0
53.3094 166.844
53.2136 167.853
53.142 172.006
52.8885 174.348
51.8861 177.34
51.7122 177.697
51.8715 177.876
51.558 183.741
51.4607 184.168
51.3254 188.577
51.4844 188.477
51.4759 188.65
51.3911 188.776
51.3299 188.899
51.2624 189.028
51.3275 189.135
51.2638 189.19
51.2881 189.315
51.3759 189.372
51.3799 189.56
51.3749 189.704
51.4286 189.794
51.5353 190.001
51.4397 190.185
51.3537 190.447
50.9453 190.855
50.7188 191.17
50.115 191.717
49.3653 192.194
48.874 192.458
47.9752 192.854
47.2721 192.487
46.4716 192.565
46.2403 191.849
45.8454 190.773
46.2279 190.893
47.6585 191.617
44.2726 195.227
59.4929 195.227
0 0
0 0
0 0
0 0
0 0
0 0
0 0
0 0
0 0
0 0
0 0
0 0
0 0
0 0
0 0
0 0
0 0
0 0
0 0
0 0
0 0
0 0
0 0
0 0
0 0
0 0
0 0
0 0
0 0
0 0
0 0
0 0
0 0
0 0
0 0
0 0
0 0
0 0
0 0
0 0
0 0
0 0
0 0
0 0
60.6943 33.7469
59.8502 33.7469
59.5941 33.7469
59.3029 33.7469
59.1916 33.7469
59.1031 33.7469
59.1805 33.7469
59.1778 33.7469
59.2487 33.7469
59.2463 33.7469
59.2592 43.6841
59.1718 33.7469
0 0
0 0
0 0
59.9586 51.3619
59.9029 51.4886
59.9838 51.88
59.9292 55.442
0 0
0 0
0 0
0 0
0 0
57.7313 113.586
56.663 119.957
56.7279 128.002
56.1953 133.455
56.1216 136.364
55.4183 142.387
55.2833 145.868
54.8209 150.443
54.3088 153.155
54.2511 154.899
54.0752 157.805
54.2934 160.185
53.9062 162.406
53.5982 164.341
53.5978 165.493
53.4755 166.688
53.6096 168.126
53.1895 172.281
52.313 176.059
52.1908 176.247
52.1644 178.072
51.4599 184.039
51.5286 184.028
51.3852 188.444
51.0639 188.78
51.2777 188.625
51.2805 188.708
51.0908 188.956
51.0809 189.022
50.7736 189.273
50.7211 189.336
50.6428 189.512
50.4444 189.75
50.3297 189.899
50.1163 190.111
49.904 190.369
49.5457 190.592
49.3722 190.888
48.9714 191.204
48.4813 191.64
47.5844 192.173
46.6724 192.708
45.7343 193.248
44.3051 193.872
42.9662 193.959
40.8879 194.489
41.2807 193.424
43.457 190.748
43.3849 191.331
40.6328 192.133
41.8292 195.227
42.1971 195.227
0 0
0 0
0 0
0 0
0 0
0 0
0 0
0 0
0 0
0 0
0 0
0 0
0 0
0 0
0 0
0 0
0 0
0 0
0 0
0 0
0 0
0 0
0 0
0 0
0 0
0 0
0 0
0 0
0 0
0 0
0 0
0 0
0 0
0 0
0 0
0 0
0 0
0 0
0 0
0 0
0 0
0 0
0 0
0 0
0 0
0 0
0 0
0 0
0 0
0 0
60.6943 33.7469
60.1022 33.7469
59.6574 33.7469
59.3234 33.7469
59.1031 33.7469
59.0196 33.7469
59.1031 33.7469
59.1791 33.7469
59.1778 33.7469
59.1031 33.7469
59.1765 33.7469
59.1031 33.7469
59.1278 43.9996
59.1278 43.9996
59.939 52.289
59.939 52.289
59.9415 55.7658
59.9542 56.0995
59.4479 67.5505
59.6927 72.3817
61.832 82.2856
59.6618 92.7821
62.2026 92.7813
59.0606 107.345
59.3495 112.436
58.0749 119.979
57.6538 126.522
57.7465 131.633
57.1475 137.158
56.7332 139.976
56.5654 146.512
56.2829 149.346
56.3204 151.36
55.9282 154.418
55.4845 158.774
55.5487 159.108
55.3359 161.397
55.0884 163.614
54.8892 165.89
54.9936 166.171
54.6672 168.224
54.7167 170.153
54.4177 172.737
54.3448 174.064
54.4795 176.405
53.7745 182.337
52.8047 183.688
52.708 188.109
52.4073 188.287
52.2974 188.319
52.1906 188.557
52.1112 188.612
52.1378 188.755
51.9805 188.806
51.9176 189.055
51.8411 189.216
51.8194 189.309
51.6235 189.577
51.6492 189.713
51.7161 189.814
51.8194 190.018
51.9272 190.149
52.0104 190.262
51.7653 190.635
51.5144 190.992
50.8333 191.398
49.8992 191.968
49.4294 192.085
48.5587 192.16
47.8067 192.15
48.3869 191.042
46.8028 190.245
45.8454 190.773
45.7714 191.2
47.6585 191.617
41.8292 195.227
59.4929 195.227
0 0
0 0
0 0
0 0
0 0
0 0
0 0
0 0
0 0
0 0
0 0
0 0
0 0
0 0
0 0
0 0
0 0
0 0
0 0
0 0
0 0
0 0
0 0
0 0
0 0
0 0
0 0
0 0
0 0
0 0
0 0
0 0
0 0
0 0
0 0
0 0
0 0
0 0
0 0
0 0
0 0
0 0
0 0
0 0
60.8216 33.7469
60.1509 33.7469
59.54 33.7469
59.4562 33.7469
59.2066 33.7469
59.0086 33.7469
59.1031 33.7469
59.1031 33.7469
59.1031 33.7469
59.0256 33.7469
59.1286 44.3358
59.9969 52.1506
59.0599 43.9189
59.8574 51.88
59.8574 51.88
59.8495 54.9738
59.8604 55.2837
59.3793 68.1299
59.4438 68.8364
60.7436 76.7076
61.8303 83.8402
60.1429 95.6114
60.5546 99.5686
59.5908 108.385
59.6437 116.969
58.5952 124.511
58.1151 130.088
57.6104 135.309
57.9938 139.746
56.9345 146.451
56.8863 150.694
56.6892 153.363
56.6469 156.07
56.0431 159.456
55.5885 161.242
55.627 163.819
55.4565 165.542
55.4867 167.56
55.3173 169.588
55.5612 172.164
55.1054 173.734
54.9601 176.14
54.9251 178.029
53.5023 183.511
53.4711 187.823
53.1612 188.157
53.1493 188.171
53.1239 188.137
53.1105 188.334
52.8147 188.646
52.6473 188.657
52.9774 188.501
52.7912 188.65
52.7555 188.701
52.6608 188.818
52.4559 189.028
52.4039 189.1
52.1404 189.305
52.0819 189.471
51.9375 189.636
52.0762 189.744
51.8946 190.001
51.7874 190.115
51.5422 190.351
50.8793 190.83
50.3538 191.215
49.553 191.727
48.9649 191.862
47.9177 192.23
46.9444 192.392
45.8527 192.413
45.4136 192.168
43.8643 190.506
44.2093 190.714
44.3258 190.728
44.476 191.028
42.7248 193.351
40.0629 195.227
0 0
0 0
0 0
0 0
0 0
0 0
0 0
0 0
0 0
0 0
0 0
0 0
0 0
0 0
0 0
0 0
0 0
0 0
0 0
0 0
0 0
0 0
0 0
0 0
0 0
0 0
0 0
0 0
0 0
0 0
0 0
0 0
0 0
0 0
0 0
0 0
0 0
0 0
0 0
0 0
0 0
0 0
0 0
0 0
0 0
0 0
0 0
0 0
0 0
0 0
0 0
59.2041 33.7469
59.1935 33.7469
59.3533 33.7469
59.2622 33.7469
60.1731 53.0133
60.1566 52.7169
61.2698 57.8352
62.2824 63.2655
62.7503 69.9329
0 0
0 0
0 0
0 0
0 0
0 0
0 0
59.3063 119.738
59.7123 122.383
58.8038 127.444
58.0828 133.052
57.4376 136.758
57.2773 139.845
56.4086 143.292
56.6325 145.778
56.3652 148.694
55.8042 152.635
55.5108 154.819
55.5682 155.761
54.9932 157.744
55.0041 159.044
55.0946 159.729
53.9411 163.029
53.2928 165.092
53.4634 166.301
53.3343 166.825
53.3821 168.017
0 0
0 0
0 0
52.9103 173.309
52.7604 175.518
52.1245 176.364
52.4487 177.637
51.8993 183.695
51.5317 184.295
51.7736 184.32
51.2261 189.054
51.3018 189.006
51.2362 189.012
51.1811 189.125
50.9628 189.158
50.9048 189.273
50.5416 189.411
0 0
0 0
0 0
49.53 190.235
49.4434 190.339
49.3847 190.381
49.6178 190.411
49.6274 190.635
49.7498 190.733
49.524 191.054
49.1919 191.272
49.0045 191.529
48.3892 191.903
47.2137 192.743
46.237 193.496
44.8403 194.051
43.3578 195.097
41.6879 195.408
41.0971 195.517
0 0
0 0
0 0
42.0939 195.227
44.2726 195.227
59.4929 195.227
0 0
0 0
0 0
0 0
0 0
0 0
0 0
0 0
0 0
0 0
0 0
0 0
0 0
0 0
0 0
0 0
0 0
0 0
0 0
0 0
0 0
0 0
0 0
0 0
0 0
0 0
0 0
0 0
0 0
0 0
0 0
0 0
0 0
0 0
0 0
0 0
0 0
0 0
0 0
0 0
0 0
0 0
0 0
0 0
0 0
50.5103 33.7469
58.7593 33.7469
0 0
0 0
0 0
0 0
0 0
60.2097 68.0555
59.0331 84.3234
0 0
0 0
0 0
0 0
60.3068 79.2104
58.0709 87.181
58.1718 76.5424
56.7414 90.1825
59.4805 82.5589
56.783 90.5587
56.8361 92.611
58.1379 87.3189
56.7516 91.3264
56.9431 83.8238
54.2064 84.9055
55.4757 80.9958
52.0865 99.8311
53.4901 90.7631
51.3305 96.3203
51.956 105.039
0 0
0 0
0 0
51.0688 105.48
0 0
0 0
0 0
0 0
0 0
0 0
0 0
0 0
51.1164 100.746
52.2891 96.4183
51.1124 100.3
0 0
0 0
0 0
0 0
56.3688 59.0771
53.4759 72.267
55.8378 48.262
0 0
0 0
0 0
0 0
0 0
0 0
0 0
0 0
0 0
0 0
59.4766 33.7469
59.1031 33.7469
0 0
0 0
0 0
0 0
0 0
0 0
0 0
0 0
0 0
0 0
0 0
0 0
0 0
0 0
0 0
0 0
0 0
0 0
0 0
0 0
0 0
0 0
0 0
0 0
0 0
0 0
0 0
0 0
0 0
0 0
0 0
0 0
0 0
0 0
0 0
0 0
0 0
0 0
0 0
0 0
0 0
0 0
0 0
0 0
0 0
0 0
0 0
0 0
0 0
0 0
57.7463 33.7469
57.7463 33.7469
59.4766 33.7469
58.7593 33.7469
0 0
0 0
0 0
0 0
0 0
0 0
59.103 33.7469
58.8935 33.7469
0 0
0 0
0 0
0 0
0 0
0 0
0 0
0 0
58.6755 58.1213
60.644 74.1747
0 0
0 0
0 0
0 0
0 0
0 0
60.8054 78.452
56.5782 91.0763
0 0
0 0
0 0
0 0
0 0
0 0
0 0
0 0
0 0
56.2693 92.6688
56.4339 94.3523
0 0
0 0
0 0
0 0
59.3419 108.258
56.552 115.357
56.1959 110.344
0 0
0 0
0 0
0 0
0 0
0 0
56.4184 130.567
55.4965 137.879
55.4965 137.879
55.4965 137.879
55.3162 135.721
57.4331 132.665
55.4965 137.879
55.4965 137.879
52.9617 146.713
57.1827 141.214
55.1163 146.069
55.1163 146.069
55.2222 148.651
0 0
0 0
0 0
0 0
0 0
0 0
0 0
0 0
0 0
0 0
51.6132 162.45
51.8653 191.867
51.2288 160.851
0 0
0 0
0 0
43.5816 195.227
45.6345 147.381
49.8506 114.487
49.8506 114.487
49.8506 114.487
49.8506 114.487
0 0
0 0
50.6639 114.487
49.9072 107.566
54.331 121.141
0 0
0 0
0 0
53.0402 130.284
56.2098 124.514
0 0
0 0
0 0
56.143 142.858
55.9482 147.873
56.9297 149.643
56.2347 153.961
0 0
0 0
0 0
0 0
55.1155 162.46
54.8958 163.315
54.6819 164.493
54.7983 164.091
54.4331 165.785
54.0782 165.017
53.6346 165.806
53.9959 166.178
53.9328 166.421
54.1497 166.473
54.0889 167.993
53.9711 168.435
54.3883 168.474
54.1727 169.23
54.1727 169.23
54.4299 169.194
54.2758 171.441
0 0
0 0
0 0
54.8357 174.308
54.7947 174.502
55.0898 174.294
55.0647 174.632
55.3907 174.687
55.5864 176.315
55.4039 178.73
55.8408 178.773
55.9476 178.65
56.2028 178.605
56.2525 178.685
56.2945 178.82
56.5145 178.904
56.3898 188.294
0 0
0 0
0 0
0 0
0 0
0 0
0 0
56.363 187.893
56.3492 187.941
56.1538 187.964
56.2691 187.962
0 0
0 0
0 0
0 0
55.861 188.216
55.7493 188.164
0 0
0 0
0 0
0 0
54.9048 188.71
54.929 188.718
54.7657 188.787
0 0
0 0
0 0
0 0
53.6473 189.525
53.5124 189.681
53.2038 189.846
52.9203 190.069
52.7511 190.256
0 0
0 0
0 0
0 0
0 0
50.3871 192.025
49.9388 192.256
49.2468 192.561
48.9275 192.651
48.6853 192.577
48.852 192.173
48.4947 191.983
47.8011 192.015
48.9165 191.069
48.9648 190.397
46.4642 190.486
47.216 190.659
47.2711 190.07
41.8292 195.227
53.9078 195.227
0 0
0 0
0 0
0 0
0 0
0 0
0 0
0 0
0 0
0 0
0 0
0 0
0 0
0 0
0 0
0 0
0 0
0 0
0 0
0 0
0 0
0 0
0 0
0 0
0 0
0 0
0 0
0 0
0 0
0 0
0 0
0 0
0 0
0 0
0 0
0 0
0 0
0 0
0 0
0 0
0 0
0 0
0 0
0 0
0 0
0 0
0 0
0 0
0 0
0 0
0 0
0 0
0 0
60.6943 33.7469
60.3306 33.7469
59.8074 33.7469
59.3292 33.7469
59.2018 33.7469
59.1935 33.7469
59.1881 33.7469
59.2683 33.7469
59.2652 33.7469
59.1819 33.7469
0 0
0 0
0 0
59.129 44.5122
60.0388 53.0133
59.9785 53.165
59.9808 56.798
59.4473 63.6661
59.7123 68.9554
61.903 85.176
59.8875 92.2288
58.6878 104.905
58.7218 109.087
58.3151 118.246
57.7242 123.43
57.2773 131.297
56.8883 136.873
56.6779 142.059
56.7283 146.202
0 0
0 0
0 0
0 0
54.8398 162.742
54.4885 165.362
54.2532 167.675
53.9504 171.935
53.6323 173.316
0 0
0 0
0 0
0 0
0 0
0 0
51.429 188.677
51.0919 188.878
51.0066 188.852
50.7165 189.202
50.6262 189.282
50.647 189.406
50.6194 189.467
50.6906 189.455
50.566 189.599
50.6567 189.598
50.4632 189.876
50.4824 189.88
50.3092 190.13
50.2467 190.252
50.0012 190.374
49.8356 190.615
49.7368 190.718
49.5831 190.833
49.4982 191.007
49.228 191.262
49.2814 191.427
49.2709 191.634
48.9297 191.969
48.5676 192.469
48.3166 192.62
47.897 192.975
47.5091 192.927
47.1348 192.962
46.2676 192.594
46.8109 191.731
44.7539 190.818
45.9736 190.818
46.087 190.967
40.4841 195.227
44.2726 195.227
59.4929 195.227
0 0
0 0
0 0
0 0
0 0
0 0
0 0
0 0
0 0
0 0
0 0
0 0
0 0
0 0
0 0
0 0
0 0
0 0
0 0
0 0
0 0
0 0
0 0
0 0
0 0
0 0
0 0
0 0
0 0
0 0
0 0
0 0
0 0
0 0
0 0
0 0
0 0
0 0
0 0
0 0
0 0
0 0
0 0
0 0
0 0
0 0
67.6958 33.7469
60.9258 33.7469
59.9137 33.7469
59.7082 33.7469
59.3076 33.7469
59.2859 33.7469
59.2715 33.7469
59.2652 33.7469
59.3395 33.7469
59.2565 33.7469
59.3419 44.4233
59.3272 33.7469
59.1983 44.2497
59.1983 44.2497
59.1286 44.3358
60.0388 53.0133
60.0406 56.6193
59.9948 57.1639
61.8674 76.939
61.914 82.2699
62.2678 86.9223
60.5725 100.381
61.0484 108.099
0 0
0 0
0 0
0 0
0 0
57.2062 148.962
57.2373 153.147
0 0
0 0
0 0
55.9635 164.497
55.3787 166.961
55.8345 168.923
0 0
0 0
0 0
54.679 177.399
54.1538 182.154
54.1978 186.893
54.0867 186.979
54.0784 186.988
52.9395 188.064
52.9565 187.925
52.6742 188.323
52.7759 188.236
52.8691 188.29
52.5706 188.741
52.4576 188.772
52.4445 188.703
52.41 188.882
52.2928 188.932
52.3381 189.072
52.3903 189.096
0 0
0 0
0 0
0 0
52.4478 189.656
52.5201 189.814
52.6178 189.883
52.8 190.093
52.7663 190.257
52.4842 190.571
51.916 190.955
51.3065 191.278
50.5114 191.505
49.9052 191.642
48.9242 191.449
48.0343 191.266
49.7864 188.795
45.8046 190.507
45.018 191.172
46.087 190.967
40.4841 195.227
44.2726 195.227
59.4929 195.227
0 0
0 0
0 0
0 0
0 0
0 0
0 0
0 0
0 0
0 0
0 0
0 0
0 0
0 0
0 0
0 0
0 0
0 0
0 0
0 0
0 0
0 0
0 0
0 0
0 0
0 0
0 0
0 0
0 0
0 0
0 0
0 0
0 0
0 0
0 0
0 0
0 0
0 0
0 0
0 0
0 0
0 0
0 0
0 0
67.6958 33.7469
60.0578 33.7469
60.0237 33.7469
59.6759 33.7469
59.3927 33.7469
59.2821 33.7469
59.2683 33.7469
59.3395 33.7469
59.3353 33.7469
59.4046 33.7469
59.3943 33.7469
59.3895 33.7469
59.4581 33.7469
59.3848 33.7469
59.3848 33.7469
59.3236 43.6083
59.3236 43.6083
59.2569 43.5336
59.1925 43.6083
59.1938 43.7612
59.1938 43.7612
59.1278 43.9996
59.1286 44.3358
0 0
0 0
0 0
60.1734 59.8579
60.5735 64.0227
60.5769 85.0715
59.9659 98.077
58.7562 109.77
0 0
0 0
0 0
56.7868 137.364
56.5609 141.316
56.0131 146.36
0 0
0 0
0 0
55.5806 160.941
55.2913 162.721
54.8092 164.979
54.7813 166.73
0 0
0 0
0 0
0 0
0 0
0 0
52.5038 188.231
52.5937 188.376
52.2904 188.713
52.3522 188.694
52.1157 188.923
52.2889 188.883
52.073 189.119
52.0563 189.163
52.0756 189.448
52.2409 189.459
52.2158 189.551
52.1719 189.78
52.1543 189.978
52.2411 190.125
51.8591 190.466
51.5741 190.66
51.2555 191.083
50.6682 191.422
50.1662 191.85
49.6831 191.801
48.6302 192.052
48.2991 191.752
47.3683 191.243
47.2558 190.139
45.1382 191.178
45.1296 191.308
41.2901 195.227
42.0939 195.227
42.1971 195.227
0 0
0 0
0 0
0 0
0 0
0 0
0 0
0 0
0 0
0 0
0 0
0 0
0 0
0 0
0 0
0 0
0 0
0 0
0 0
0 0
0 0
0 0
0 0
0 0
0 0
0 0
0 0
0 0
0 0
0 0
0 0
0 0
0 0
0 0
0 0
0 0
0 0
0 0
0 0
0 0
0 0
0 0
0 0
0 0
0 0
0 0
60.3306 33.7469
59.9086 33.7469
59.6335 33.7469
59.3863 33.7469
59.2784 33.7469
59.3533 33.7469
59.4335 33.7469
59.4273 33.7469
59.4969 44.7883
59.4208 44.6947
59.4839 44.4233
59.4155 44.5122
59.4155 44.5122
59.2723 44.5122
59.2723 44.5122
59.2723 44.5122
60.0995 56.4433
60.1151 56.798
60.1312 57.1639
59.5157 65.8861
60.7325 76.6309
61.0589 80.1074
60.0229 93.7883
58.6463 101.054
58.728 110.005
58.2382 114.837
57.87 125.274
56.3801 132.149
0 0
0 0
0 0
55.5336 151.98
54.7602 157.287
54.4222 159.681
0 0
0 0
0 0
0 0
53.716 173.143
0 0
0 0
0 0
52.9383 187.09
52.1376 188.201
52.0846 188.162
51.6959 188.577
51.7371 188.58
51.5801 188.662
51.6891 188.911
51.718 188.849
51.3866 189.144
51.4898 189.13
51.5971 189.13
51.5912 189.291
51.4197 189.493
51.3415 189.602
51.0039 189.916
50.8659 190.083
50.966 190.231
50.9524 190.307
50.9354 190.577
50.8122 190.85
50.747 191.122
0 0
0 0
0 0
0 0
47.5415 192.585
0 0
0 0
0 0
0 0
0 0
0 0
0 0
42.1971 195.227
0 0
0 0
0 0
0 0
0 0
0 0
0 0
0 0
0 0
0 0
0 0
0 0
0 0
0 0
0 0
0 0
0 0
0 0
0 0
0 0
0 0
0 0
0 0
0 0
0 0
0 0
0 0
0 0
0 0
0 0
0 0
0 0
0 0
0 0
0 0
0 0
0 0
0 0
0 0
0 0
0 0
0 0
0 0
0 0
0 0
60.8216 33.7469
59.764 33.7469
59.8074 33.7469
59.4294 33.7469
59.294 33.7469
59.1916 33.7469
59.1865 33.7469
59.1849 33.7469
59.344 33.7469
59.2593 33.7469
59.2695 44.3358
59.2512 33.7469
59.3306 43.9189
59.2617 43.8394
59.1938 43.7612
59.1938 43.7612
60.0401 51.7476
60.0539 52.0143
59.999 55.6027
60.0263 56.2701
61.1987 64.5187
0 0
0 0
0 0
0 0
0 0
0 0
0 0
0 0
0 0
0 0
57.2312 143.235
57.4808 147.011
57.0956 149.796
56.7833 154.904
56.4384 156.642
56.2793 158.335
56.3302 160.346
56.0553 163.054
56.0094 163.547
55.5911 165.897
0 0
0 0
0 0
0 0
0 0
54.0716 182.112
52.9596 187.935
0 0
0 0
0 0
52.5808 188.39
52.2748 188.662
52.2371 188.751
51.9908 188.958
0 0
0 0
0 0
0 0
0 0
0 0
0 0
51.781 190.36
51.6858 190.602
51.4762 190.883
51.0079 191.346
50.5377 191.735
49.8037 192.037
49.4472 192.26
49.07 191.955
49.0602 191.208
48.4447 189.945
45.8454 190.773
45.4292 191.2
41.4346 195.227
42.1971 195.227
59.4929 195.227
0 0
0 0
0 0
0 0
0 0
0 0
0 0
0 0
0 0
0 0
0 0
0 0
0 0
0 0
0 0
0 0
0 0
0 0
0 0
0 0
0 0
0 0
0 0
0 0
0 0
0 0
0 0
0 0
0 0
0 0
0 0
0 0
0 0
0 0
0 0
0 0
0 0
0 0
0 0
0 0
0 0
0 0
0 0
0 0
59.4766 33.7469
59.6759 33.7469
59.3634 33.7469
59.3029 33.7469
59.1935 33.7469
59.1865 33.7469
59.1834 33.7469
59.2593 33.7469
59.3312 33.7469
59.2512 33.7469
0 0
0 0
0 0
59.1274 43.8394
59.1953 43.9189
59.1953 43.9189
59.1278 43.9996
59.999 55.6027
59.9673 56.4433
61.1502 64.7483
59.865 88.0257
60.2281 93.1581
60.6476 100.634
60.3011 111.249
60.5467 119.291
58.4275 128.922
58.3646 134.801
58.4527 141.326
58.0179 145.137
57.5853 151.222
57.425 155.543
56.8676 157.96
56.9888 161.15
56.3035 163.552
56.5247 167.602
55.6057 170.703
56.0847 172.233
55.7502 174.81
55.3368 176.906
55.2218 177.235
0 0
0 0
0 0
0 0
0 0
53.4443 187.977
0 0
0 0
0 0
0 0
0 0
0 0
0 0
52.5805 188.671
52.3383 188.96
0 0
0 0
0 0
51.6087 189.615
51.3717 189.848
51.1316 190.123
0 0
0 0
0 0
50.9988 190.862
51.1317 191.01
51.3206 191.194
51.2956 191.346
51.3105 191.303
0 0
0 0
0 0
52.2462 188.465
51.6808 188.83
49.5114 190.377
47.6971 192.156
41.2901 195.227
41.8292 195.227
59.4929 195.227
0 0
0 0
0 0
0 0
0 0
0 0
0 0
0 0
0 0
0 0
0 0
0 0
0 0
0 0
0 0
0 0
0 0
0 0
0 0
0 0
0 0
0 0
0 0
0 0
0 0
0 0
0 0
0 0
0 0
0 0
0 0
0 0
0 0
0 0
0 0
0 0
0 0
0 0
0 0
0 0
0 0
0 0
0 0
0 0
0 0
0 0
0 0
0 0
0 0
59.1935 33.7469
59.2715 33.7469
59.2652 33.7469
59.35 44.7883
59.3353 33.7469
59.4099 33.7469
59.3312 33.7469
59.338 44.2497
59.2695 44.3358
0 0
0 0
0 0
62.2293 68.2924
62.15 77.739
62.5236 86.4213
63.5539 93.7448
62.2159 107.389
61.6028 115.981
62.1701 123.523
61.8494 131.079
61.7281 136.76
61.5418 143.796
60.2772 149.877
60.1348 155.661
59.8544 158.952
59.854 162.367
59.4363 165.989
59.4563 168.02
59.4049 171.759
59.0879 176.298
58.8623 176.566
0 0
0 0
0 0
0 0
0 0
0 0
0 0
0 0
0 0
57.4361 186.328
57.4485 186.358
57.4881 186.405
0 0
0 0
0 0
0 0
56.3819 187.652
0 0
0 0
0 0
0 0
0 0
0 0
0 0
0 0
0 0
55.8339 189.083
56.0059 189.229
0 0
0 0
0 0
0 0
0 0
0 0
0 0
0 0
0 0
0 0
0 0
0 0
0 0
53.9078 195.227
0 0
0 0
0 0
0 0
0 0
0 0
0 0
0 0
0 0
0 0
0 0
0 0
0 0
0 0
0 0
0 0
0 0
0 0
0 0
0 0
0 0
0 0
0 0
0 0
0 0
0 0
0 0
0 0
0 0
0 0
0 0
0 0
0 0
0 0
0 0
0 0
0 0
0 0
0 0
0 0
0 0
0 0
0 0
0 0
0 0
59.5327 33.7469
59.5256 33.7469
59.3179 33.7469
59.1031 33.7469
59.1031 33.7469
59.1834 33.7469
59.2565 33.7469
59.3272 33.7469
59.2487 33.7469
59.2617 43.8394
59.2592 43.6841
59.2592 43.6841
59.1938 43.7612
59.1938 43.7612
0 0
0 0
60.0556 55.442
60.5801 68.8364
62.5114 71.1105
62.2499 85.0798
62.6927 88.154
63.308 94.3102
0 0
0 0
0 0
0 0
0 0
61.1087 133.82
60.9093 140.375
59.8442 144.182
59.7644 150.144
59.4579 152.982
59.0244 156.293
58.5648 159.481
58.7624 161.122
58.6018 164.618
58.7247 164.749
58.1412 167.949
58.0108 170.404
57.7736 171.954
57.4128 174.675
57.2167 175.1
57.1772 176.887
57.0804 177.214
56.2271 186.448
56.169 186.523
56.0472 186.515
54.7285 187.646
54.583 187.653
54.1965 187.706
53.8192 188.117
0 0
0 0
0 0
53.3158 188.605
53.258 188.703
53.1607 188.805
52.8475 188.955
0 0
0 0
0 0
0 0
0 0
0 0
0 0
0 0
0 0
50.0082 191.553
49.1268 191.932
48.5092 191.878
47.289 192.093
47.2947 191.404
47.1371 189.928
0 0
0 0
38.7874 193.707
40.9294 195.227
41.8292 195.227
53.9078 195.227
0 0
0 0
0 0
0 0
0 0
0 0
0 0
0 0
0 0
0 0
0 0
0 0
0 0
0 0
0 0
0 0
0 0
0 0
0 0
0 0
0 0
0 0
0 0
0 0
0 0
0 0
0 0
0 0
0 0
0 0
0 0
0 0
0 0
0 0
0 0
0 0
0 0
0 0
0 0
0 0
0 0
0 0
0 0
0 0
0 0
0 0
0 0
0 0
0 0
59.764 33.7469
59.7257 33.7469
59.3179 33.7469
59.1996 33.7469
0 0
0 0
0 0
0 0
0 0
0 0
0 0
59.4262 44.8835
59.2781 44.8835
59.35 44.7883
59.2805 48.4269
59.2805 48.4269
61.2726 62.3382
60.6434 70.3403
61.7405 74.7809
62.2148 85.411
60.0834 93.5154
60.4281 97.1484
60.3913 104.402
59.1992 112.157
58.059 119.015
58.0162 125.025
57.2711 130.291
56.6974 135.193
57.2782 138.438
56.9107 143.18
56.2226 145.784
0 0
0 0
0 0
55.2893 157.874
55.1972 160.092
55.265 161.447
54.5488 164.01
54.5001 166.393
54.3725 166.828
54.2141 171.235
54.2798 171.601
54.0476 173.201
54.1324 175.677
53.9881 177.736
53.6543 182.311
53.4958 187.084
0 0
0 0
0 0
0 0
0 0
0 0
51.7647 188.903
51.4555 189.14
51.2547 189.268
51.2184 189.437
50.8948 189.675
50.5194 189.946
50.2807 190.13
0 0
0 0
0 0
0 0
0 0
0 0
46.3577 192.764
44.8828 193.52
44.0376 193.851
42.2043 194.092
42.215 193.71
40.3445 193.308
41.8913 190.695
41.9812 191.178
40.4012 192.369
38.6734 193.594
0 0
0 0
0 0
0 0
0 0
0 0
0 0
0 0
0 0
0 0
0 0
0 0
0 0
0 0
0 0
0 0
0 0
0 0
0 0
0 0
0 0
0 0
0 0
0 0
0 0
0 0
0 0
0 0
0 0
0 0
0 0
0 0
0 0
0 0
0 0
0 0
0 0
0 0
0 0
0 0
0 0
0 0
0 0
0 0
0 0
0 0
0 0
0 0
67.6958 33.7469
60.7142 33.7469
59.764 33.7469
59.4878 33.7469
59.1031 33.7469
59.1031 33.7469
59.0086 33.7469
0 0
0 0
0 0
0 0
59.1898 33.7469
59.2086 45.3851
59.1309 45.2812
59.0555 44.9803
59.0563 44.7883
59.0571 44.6027
59.0571 44.6027
56.6837 57.5308
56.2721 63.8738
56.1416 64.5637
58.4035 78.2949
56.3732 87.9932
55.844 96.0405
53.714 106.348
55.0131 111.853
54.2469 119.806
0 0
0 0
52.4587 137.288
51.6234 143.103
50.6635 146.833
50.4008 151.347
50.4277 154.626
49.9855 157.972
49.5743 160.524
49.8961 162.508
50.3949 165.245
49.9849 166.423
49.5639 170.396
49.1516 172.482
49.1489 175.319
48.3852 178.286
48.1284 184.721
48.0109 184.909
47.6032 190.003
47.7493 189.845
47.9536 189.828
47.7346 190.214
47.9622 190.111
47.7836 190.245
47.976 190.276
47.6427 190.375
47.7568 190.412
47.766 190.523
47.5594 190.742
47.3696 190.868
47.2711 191.087
46.8741 191.3
46.4506 191.693
46.1104 191.952
45.796 192.142
45.3232 192.499
44.807 192.992
44.5431 193.172
44.1034 193.584
43.4164 194.125
0 0
0 0
0 0
0 0
38.3014 194.509
38.7035 193.225
40.7189 190.792
38.701 192.054
39.3654 192.156
37.3468 193.427
38.3938 195.227
40.5982 195.227
21.7035 195.227
0 0
0 0
0 0
0 0
0 0
0 0
0 0
0 0
0 0
0 0
0 0
0 0
0 0
0 0
0 0
0 0
0 0
0 0
0 0
0 0
0 0
0 0
0 0
0 0
0 0
0 0
0 0
0 0
0 0
0 0
0 0
0 0
0 0
0 0
0 0
0 0
0 0
0 0
0 0
0 0
0 0
0 0
0 0
0 0
67.6958 33.7469
60.0578 33.7469
60.0237 33.7469
59.7814 33.7469
59.485 33.7469
59.3634 33.7469
59.3486 33.7469
59.3395 33.7469
59.3353 33.7469
59.4099 33.7469
59.3272 33.7469
59.4054 44.165
59.4006 43.9996
59.2642 43.9996
59.2642 43.9996
59.2642 43.9996
59.2642 43.9996
59.1967 44.0816
60.1263 55.6027
59.2069 48.0717
60.0995 56.4433
58.4709 75.1887
57.5273 70.7221
58.3731 80.2318
55.7444 92.4652
54.9267 108.755
55.3577 114.052
53.9499 122.204
53.7031 128.838
52.4741 134.572
51.948 138.641
51.4107 142.616
50.5262 147.939
50.2198 152.467
50.0495 155.963
49.4475 159.214
49.249 161.339
49.1539 164.81
48.864 166.686
48.0806 172.308
47.6906 174.606
47.3791 177.179
47.1358 179.172
47.0208 180.988
46.4146 185.905
46.5123 190.394
46.4254 190.625
46.3535 190.684
46.5163 190.722
47.0356 190.58
46.8134 190.72
47.2418 190.575
47.1382 190.717
47.106 190.832
46.9211 190.967
0 0
0 0
0 0
0 0
0 0
45.8012 192.131
45.416 192.406
44.9555 192.851
44.7479 193.08
44.6686 193.294
44.4022 193.655
43.7776 194.093
43.2887 194.425
41.7247 194.88
40.9074 194.872
40.8054 194.295
38.7803 194.043
39.4041 192.768
38.4079 191.656
38.701 192.054
36.727 193.361
37.3468 193.427
38.3938 195.227
21.7035 195.227
0 0
0 0
21.7035 195.227
0 0
0 0
0 0
0 0
0 0
0 0
0 0
0 0
0 0
0 0
0 0
0 0
0 0
0 0
0 0
0 0
0 0
0 0
0 0
0 0
0 0
0 0
0 0
0 0
0 0
0 0
0 0
0 0
0 0
0 0
0 0
0 0
0 0
0 0
0 0
0 0
0 0
0 0
0 0
0 0
0 0
0 0
0 0
60.9444 33.7469
0 0
0 0
0 0
0 0
59.2622 33.7469
59.3994 33.7469
59.4641 33.7469
59.3848 33.7469
59.4523 33.7469
59.4523 33.7469
59.3871 43.5336
59.3871 43.5336
59.3236 43.6083
59.3914 43.6841
59.3308 47.2036
59.267 47.3063
61.1962 60.5387
60.5801 68.8364
60.6217 69.8249
59.2011 83.3135
57.9019 95.5076
58.6804 104.872
57.9918 111.347
58.4469 118.473
56.7587 124.5
56.6694 132.591
57.1034 135.509
56.2533 142.295
55.8181 144.942
55.4542 148.3
55.5882 151.48
55.3311 154.971
55.0174 157.423
54.6579 160.504
54.4507 161.231
54.5439 163.922
53.5347 166.676
53.8102 167.18
53.5406 171.449
53.377 172.027
53.9088 172.227
53.5992 176.022
53.1635 176.545
52.8542 182.784
52.7217 182.86
52.6794 183.127
52.0395 188.439
51.9356 188.44
51.7212 188.747
51.9731 188.626
51.7254 188.849
51.6219 189.133
51.5347 189.113
0 0
0 0
51.307 189.501
51.1286 189.689
51.0537 189.827
50.8793 189.996
50.7523 190.228
50.8052 190.372
51.0638 190.461
51.2394 190.571
51.2539 190.783
51.2745 191.012
50.6674 191.271
50.3701 191.253
49.8975 191.088
49.0898 191.149
48.3775 190.691
48.3588 189.658
47.1518 190.139
46.1143 190.987
43.857 191.598
40.474 195.227
40.4841 195.227
42.1971 195.227
21.7035 195.227
0 0
0 0
0 0
0 0
0 0
0 0
0 0
0 0
0 0
0 0
0 0
0 0
0 0
0 0
0 0
0 0
0 0
0 0
0 0
0 0
0 0
0 0
0 0
0 0
0 0
0 0
0 0
0 0
0 0
0 0
0 0
0 0
0 0
0 0
0 0
0 0
0 0
0 0
0 0
0 0
0 0
0 0
0 0
0 0
60.6943 33.7469
59.8502 33.7469
59.8396 33.7469
59.5027 33.7469
59.3688 33.7469
59.4273 33.7469
59.4099 33.7469
59.4777 44.2497
59.4717 44.0816
59.4641 33.7469
59.5302 43.8394
59.5302 43.8394
59.4659 43.9189
60.6313 50.4587
60.5765 50.5882
60.5742 54.1852
61.2878 61.7121
60.6934 70.0807
61.0745 72.1628
60.252 87.7154
60.0722 97.2862
59.0016 105.563
59.4852 110.333
59.1653 116.61
0 0
0 0
0 0
0 0
57.7837 145.162
57.4638 148.693
57.1827 153.191
56.8663 156.267
0 0
0 0
0 0
56.1588 165.514
55.8002 168.084
55.6974 168.572
55.2739 172.532
54.794 175.135
54.9778 177.197
54.4384 177.437
54.0456 182.288
54.0992 187.17
53.9791 187.166
54.2832 187.104
54.1054 187.203
54.1385 187.042
53.3258 188.116
53.1577 188.134
53.3537 188.101
52.835 188.452
52.6647 188.536
52.6883 188.655
52.3356 188.998
52.4118 188.961
52.3227 189.107
52.1427 189.289
51.879 189.403
51.7902 189.512
51.3686 189.831
51.4648 189.965
51.1404 190.167
50.8675 190.461
50.5859 190.71
50.6145 190.901
50.418 191.128
50.107 191.456
49.5282 191.58
0 0
0 0
0 0
48.097 190.153
46.5874 190.536
46.6591 190.935
44.0815 191.887
41.5008 195.227
40.9294 195.227
41.8292 195.227
40.5982 195.227
0 0
0 0
0 0
0 0
0 0
0 0
0 0
0 0
0 0
0 0
0 0
0 0
0 0
0 0
0 0
0 0
0 0
0 0
0 0
0 0
0 0
0 0
0 0
0 0
0 0
0 0
0 0
0 0
0 0
0 0
0 0
0 0
0 0
0 0
0 0
0 0
0 0
0 0
0 0
0 0
0 0
0 0
0 0
0 0
0 0
59.4929 195.227
0 0
60.8216 33.7469
59.764 33.7469
59.8312 33.7469
59.7998 33.7469
59.4936 33.7469
59.3583 33.7469
59.4208 44.6947
59.4766 33.7469
59.4641 33.7469
59.4581 33.7469
59.4581 33.7469
59.3848 33.7469
59.3914 43.6841
59.3271 43.7612
59.2592 43.6841
59.2617 43.8394
59.2617 43.8394
60.402 53.5751
59.2053 47.8444
61.2407 61.9177
58.982 70.0807
58.4676 77.9877
56.4123 88.3549
56.3002 90.6302
55.2263 102.635
53.3894 111.222
54.2615 115.555
53.4451 120.307
53.4394 128.63
52.777 132.61
52.8403 135.255
51.926 141.068
52.0032 144.038
52.0433 147.541
51.4519 151.136
52.1527 153.667
51.7221 157.348
51.5684 159.878
51.6068 161.62
51.0244 164.513
51.1944 166.3
50.9465 170.037
51.0424 172.358
51.1426 176.122
49.4852 182.562
0 0
0 0
0 0
49.0625 189.48
49.2654 189.625
48.8727 189.942
48.8739 189.993
48.6614 190.232
48.9071 190.105
48.7174 190.422
48.5433 190.543
0 0
0 0
0 0
0 0
46.8345 191.893
46.2677 192.28
45.754 192.581
45.101 193.188
44.3308 193.539
43.5411 194.06
0 0
0 0
40.3005 194.655
38.719 194.555
38.6959 193.268
38.0204 192.26
39.4419 192.42
36.9976 193.849
38.0325 195.227
40.1521 195.227
21.7035 195.227
0 0
0 0
0 0
21.7035 195.227
0 0
0 0
0 0
0 0
0 0
0 0
0 0
0 0
0 0
0 0
0 0
0 0
0 0
0 0
0 0
0 0
0 0
0 0
0 0
0 0
0 0
0 0
0 0
0 0
0 0
0 0
0 0
0 0
0 0
0 0
0 0
0 0
0 0
0 0
0 0
0 0
0 0
0 0
0 0
0 0
0 0
0 0
60.8216 33.7469
60.0578 33.7469
60.0237 33.7469
59.6916 33.7469
59.3029 33.7469
59.103 33.7469
59.1031 33.7469
59.1031 33.7469
59.2622 33.7469
59.2593 33.7469
59.2751 44.6947
59.2723 44.5122
59.1998 44.4233
59.129 44.5122
59.1374 47.9571
59.0578 44.4233
60.3662 54.0291
60.3858 54.3436
59.7045 62.7823
56.3194 65.8054
57.5277 71.7227
58.3937 78.9223
56.3989 90.8234
56.0939 97.0043
55.9318 102.188
56.9775 110.885
54.753 118.284
54.884 123.452
54.0674 129.332
53.416 132.061
53.3364 136.217
53.351 139.99
52.6616 143.382
52.1366 147.276
52.0949 149.756
52.4241 152.769
51.876 155.352
51.7468 158.063
52.1953 159.76
51.8095 162.508
51.4066 164.849
51.1246 166.423
51.2632 170.307
51.4423 172.636
49.8921 177.847
49.7914 178.359
49.6985 184.563
49.8812 189.277
49.5294 189.692
49.6533 189.465
49.4243 189.739
49.3027 189.762
49.1598 190.134
49.2287 190.087
49.1386 190.3
49.0076 190.358
0 0
0 0
0 0
48.4564 191.036
48.1845 191.27
47.9174 191.456
47.4558 191.815
46.7624 192.378
46.3528 192.721
46.1223 192.903
45.4847 193.516
44.8544 194.032
44.7787 193.953
42.9393 195.072
42.6731 194.579
41.5545 194.528
40.8021 194.324
0 0
0 0
0 0
40.0749 195.227
40.4841 195.227
42.1971 195.227
0 0
0 0
0 0
0 0
0 0
0 0
0 0
0 0
0 0
0 0
0 0
0 0
0 0
0 0
0 0
0 0
0 0
0 0
0 0
0 0
0 0
0 0
0 0
0 0
0 0
0 0
0 0
0 0
0 0
0 0
0 0
0 0
0 0
0 0
0 0
0 0
0 0
0 0
0 0
0 0
0 0
0 0
0 0
0 0
0 0
0 0
0 0
0 0
67.6958 33.7469
60.2488 33.7469
59.6759 33.7469
59.6574 33.7469
59.4378 33.7469
59.2983 33.7469
59.2821 33.7469
59.3583 33.7469
59.2683 33.7469
59.3486 33.7469
59.2652 33.7469
59.344 33.7469
59.3486 33.7469
59.4319 45.0788
59.3588 45.1791
60.7277 52.3156
61.5074 60.7371
61.8829 66.2256
63.051 71.2325
63.8785 77.7162
64.3749 84.486
64.1728 93.4696
62.953 104.298
61.5224 118.372
61.8313 121.321
61.6241 128.367
61.1891 132.82
59.9721 137.255
59.4784 142.087
59.1644 146.154
58.3017 149.518
58.5692 152.395
58.5502 154.394
58.4345 155.676
58.0602 159.099
58.3449 160.553
58.1113 161.362
58.216 163.348
57.6089 167.003
57.5249 167.462
57.5698 167.666
57.0816 168.639
57.3586 169.747
57.2234 169.953
57.1087 170.162
57.2223 170.202
57.1087 170.162
57.1181 170.26
57.0511 170.495
56.8496 170.552
56.6913 170.78
56.6913 170.78
56.6037 173.203
56.1895 173.346
55.8966 173.591
56.3205 175.113
55.9576 175.174
55.9576 175.174
54.5138 178.843
54.6765 178.849
54.5848 178.849
54.4681 178.843
54.6002 183.37
54.2085 178.97
54.0806 179.004
53.7767 179.064
53.7819 183.536
53.7599 183.491
54.4641 177.591
54.3133 177.568
54.406 177.462
54.4698 177.319
53.9185 177.276
54.1626 177.249
53.6028 177.185
53.2076 176.972
52.9185 177.078
52.8175 176.806
52.3756 176.666
51.6167 176.547
51.3082 176.418
51.412 176.337
50.7064 176.491
50.1407 182.424
50.3142 176.311
48.1892 189.534
0 0
0 0
0 0
0 0
0 0
0 0
0 0
0 0
44.9496 183.021
45.1881 175.154
45.1189 175.28
44.5986 175.213
44.5986 175.213
44.3106 175.465
44.2159 172.744
43.6743 172.408
43.3091 172.45
43.3091 172.45
43.3091 172.45
42.3597 166.622
42.2485 166.436
42.2485 166.436
42.2485 166.436
40.5259 165.664
40.5259 165.664
42.8927 163.077
40.389 162.119
40.2804 157.755
41.122 158.672
40.1451 157.492
40.1873 157.224
40.3193 156.952
40.3334 154.354
40.254 152.887
40.3278 152.03
40.5997 151.4
40.8417 150.968
40.8417 150.968
40.7386 151.077
40.2674 149.739
40.4091 149.392
40.8574 149.617
40.7221 146.406
41.2834 144.297
41.2834 144.297
41.2834 144.297
41.4917 143.501
41.8439 143.03
41.9051 142.613
41.6476 143.094
41.9734 141.749
42.1356 141.321
41.6476 143.094
42.1239 143.453
42.5424 142.584
42.5424 142.584