58.9032 33.7469
59.294 33.7469
59.1031 33.7469
58.9277 33.7469
59.1031 33.7469
59.103 33.7469
59.1031 33.7469
59.1031 33.7469
59.1031 33.7469
59.2276 33.7469
59.3292 33.7469
59.3179 33.7469
59.3076 33.7469
59.2983 33.7469
59.2898 33.7469
59.4817 42.4666
59.4673 42.1344
59.4605 41.9777
59.4539 41.8266
57.6182 49.0633
57.6182 49.0633
57.6182 49.0633
57.6805 49.1976
59.4605 41.9777
57.5646 49.6152
59.4673 42.1344
59.4744 42.2973
59.4744 42.2973
59.5623 42.3811
59.4817 42.4666
59.3996 42.5538
59.4894 42.6428
59.4894 42.6428
59.4894 42.6428
59.5314 45.6081
57.5163 53.3178
57.4184 53.506
57.4855 53.6979
57.3854 53.8935
57.3854 53.8935
56.7024 56.7715
56.8303 60.3075
56.7862 60.8232
58.4069 67.1551
57.3821 70.582
57.4202 73.2753
0 0
0 0
0 0
0 0
58.2406 106.705
56.0408 115.747
56.315 121.689
57.3924 126.798
55.8738 133.621
0 0
0 0
0 0
56.023 158.742
56.0178 165.077
55.6459 171.51
55.2624 185.012
55.1942 185.254
54.582 185.544
54.4124 185.895
53.927 186.264
53.6021 186.481
53.2822 186.773
53.0122 187.092
52.7251 187.353
52.0957 187.831
51.7075 188.221
50.801 188.915
50.0774 189.47
49.3908 190.094
47.7054 191.257
46.6245 192.132
45.5738 193.122
44.8048 193.991
43.1585 195.264
42.9057 195.552
42.3528 196.053
40.8341 196.283
41.3651 196.134
33.3443 200.001
31.8386 201.654
0 0
0 0
0 0
0 0
0 0
0 0
0 0
0 0
0 0
0 0
0 0
0 0
0 0
0 0
0 0
0 0
0 0
0 0
0 0
0 0
0 0
0 0
0 0
0 0
0 0
0 0
0 0
0 0
0 0
0 0
0 0
0 0
0 0
0 0
0 0
0 0
0 0
0 0
0 0
0 0
0 0
0 0
0 0
0 0
0 0
0 0
0 0
0 0
0 0
0 0
0 0
0 0
0 0
0 0
0 0
67.6958 33.7469
62.1964 33.7469
0 0
0 0
0 0
59.5804 33.7469
59.4294 33.7469
59.4136 33.7469
59.4063 33.7469
59.3927 33.7469
0 0
0 0
0 0
0 0
59.1031 33.7469
59.1031 33.7469
59.1031 33.7469
0 0
0 0
0 0
0 0
55.051 86.9234
54.9291 88.5227
54.509 96.8079
53.129 104.706
53.7309 110.526
0 0
0 0
0 0
0 0
0 0
0 0
0 0
0 0
50.53 155.691
50.251 159.919
50.0329 162.28
0 0
0 0
0 0
48.6207 180.425
48.773 188.199
48.0284 189.016
47.9613 188.908
0 0
0 0
0 0
0 0
0 0
0 0
48.0359 189.807
48.2717 189.797
48.3713 189.846
48.3155 190.107
0 0
0 0
0 0
0 0
0 0
0 0
48.4199 191.115
48.5584 191.439
48.4836 191.69
48.5535 191.953
48.3893 192.359
47.7967 192.985
47.3237 193.549
46.3429 194.442
46.2253 195.021
45.4033 195.681
45.0544 196.077
44.6272 196.408
45.3717 195.635
46.1461 195.417
46.6815 194.546
46.8411 194.271
46.8814 194.294
42.1009 196.367
36.3108 202.406
0 0
0 0
0 0
0 0
0 0
0 0
0 0
0 0
0 0
0 0
0 0
0 0
0 0
0 0
0 0
0 0
0 0
0 0
0 0
0 0
0 0
0 0
0 0
0 0
0 0
0 0
0 0
0 0
0 0
0 0
0 0
0 0
0 0
0 0
0 0
0 0
0 0
0 0
0 0
0 0
0 0
0 0
0 0
0 0
0 0
0 0
61.9673 33.7469
60.3306 33.7469
59.9623 33.7469
59.6916 33.7469
59.5222 33.7469
59.3927 33.7469
59.3802 33.7469
59.4611 33.7469
59.537 33.7469
59.5284 33.7469
59.4335 33.7469
59.4335 33.7469
60.8329 47.9906
60.7737 48.1134
61.9993 56.6563
62.5376 58.9722
62.8936 64.4399
61.7953 77.1419
61.0921 86.5892
61.0267 96.6033
61.8735 102.404
60.4521 110.844
60.8085 115.763
60.4234 124.032
58.0882 134.203
0 0
0 0
0 0
56.4244 156.756
56.3211 162.089
0 0
0 0
0 0
0 0
0 0
0 0
0 0
0 0
0 0
0 0
53.0392 185.948
53.2727 185.799
53.0487 185.983
53.0935 186.154
53.0582 186.113
53.1005 186.179
53.0438 186.368
52.9821 186.534
52.9536 186.574
52.5808 186.977
52.9538 186.937
0 0
0 0
52.399 187.696
52.4232 187.673
52.0367 188.056
51.9163 188.193
51.7517 188.495
51.6787 188.707
51.7614 188.901
51.5045 189.286
51.2115 189.705
50.994 190.153
50.382 190.689
49.6418 191.388
48.9663 192.094
48.1133 192.72
47.2532 193.242
47.2119 193.504
0 0
0 0
0 0
0 0
45.8653 191.444
44.4936 193.038
41.3004 185.874
61.1812 180.529
0 0
0 0
0 0
0 0
0 0
0 0
0 0
0 0
0 0
0 0
0 0
0 0
0 0
0 0
0 0
0 0
0 0
0 0
0 0
0 0
0 0
0 0
0 0
0 0
0 0
0 0
0 0
0 0
0 0
0 0
0 0
0 0
0 0
0 0
0 0
0 0
0 0
0 0
0 0
0 0
0 0
0 0
0 0
0 0
0 0
60.8216 33.7469
60.2642 33.7469
59.9137 33.7469
59.4878 33.7469
59.4294 33.7469
0 0
0 0
0 0
59.3802 33.7469
59.3744 33.7469
59.2859 33.7469
60.9313 49.4687
62.5909 58.1743
62.627 60.727
63.6883 65.8586
61.8872 77.9179
61.1022 88.5463
60.6727 93.1033
58.8755 107.484
58.2592 116.397
57.9648 120.825
0 0
0 0
0 0
0 0
54.8388 151.781
54.5571 157.453
54.2223 163.911
53.8598 170.139
52.3144 186.604
0 0
0 0
0 0
0 0
0 0
51.4919 187.101
51.3454 187.255
0 0
0 0
0 0
50.5595 188.066
50.5018 188.063
50.9406 187.942
50.3081 188.504
50.4929 188.527
50.3094 188.709
50.438 188.654
49.9693 189.185
49.9283 189.236
50.0637 189.216
0 0
0 0
0 0
0 0
49.3882 190.26
0 0
0 0
0 0
0 0
0 0
0 0
46.3303 193.487
45.5909 194.215
44.9072 195.036
43.6068 196.088
42.9399 196.919
42.2442 197.569
41.8141 198.002
41.8309 197.633
40.8988 197.968
41.834 197.376
42.1859 196.317
31.8324 201.485
34.1253 199.247
36.3108 202.406
0 0
0 0
0 0
0 0
0 0
0 0
0 0
0 0
0 0
0 0
0 0
0 0
0 0
0 0
0 0
0 0
0 0
0 0
0 0
0 0
0 0
0 0
0 0
0 0
0 0
0 0
0 0
0 0
0 0
0 0
0 0
0 0
0 0
0 0
0 0
0 0
0 0
0 0
0 0
0 0
0 0
0 0
0 0
0 0
0 0
0 0
0 0
61.3944 33.7469
60.5974 33.7469
59.8074 33.7469
59.4661 33.7469
59.2118 33.7469
59.2066 33.7469
59.3076 33.7469
0 0
0 0
59.3863 33.7469
59.2859 33.7469
59.1935 33.7469
60.8022 49.036
60.7716 48.7605
60.68 48.6265
62.0488 57.6189
62.4523 59.3891
60.6697 68.6243
60.7064 71.817
60.1327 81.1696
60.6896 85.1936
60.197 89.6081
57.8925 104.262
57.5996 109.359
57.2871 116.68
56.6346 119.675
55.5198 128.659
55.4286 130.903
55.0617 135.265
54.8355 138.793
54.2663 141.542
54.2536 145.942
54.0525 147.791
53.6098 151.758
52.5939 154.571
53.137 156.965
52.5736 162.675
51.7442 167.169
52.2038 167.242
51.6823 170.848
50.7865 178.518
50.3088 179.111
50.0592 187.427
50.5129 187.13
50.4044 187.504
0 0
0 0
0 0
0 0
0 0
0 0
0 0
49.5322 189.313
49.4297 189.517
49.3119 189.555
48.7501 190.164
48.7263 190.173
48.3762 190.578
48.1893 190.951
48.2048 191.262
48.0781 191.571
0 0
0 0
0 0
0 0
0 0
43.22 196.077
42.4823 196.528
0 0
0 0
0 0
38.2941 196.618
38.7656 195.559
32.987 196.603
33.7751 197.477
45.7598 188.928
0 0
0 0
0 0
0 0
0 0
0 0
0 0
0 0
0 0
0 0
0 0
0 0
0 0
0 0
0 0
0 0
0 0
0 0
0 0
0 0
0 0
0 0
0 0
0 0
0 0
0 0
0 0
0 0
0 0
0 0
0 0
0 0
0 0
0 0
0 0
0 0
0 0
0 0
0 0
0 0
0 0
0 0
0 0
0 0
0 0
0 0
0 0
0 0
60.5974 33.7469
59.8074 33.7469
59.6916 33.7469
59.4136 33.7469
59.485 33.7469
59.3744 33.7469
59.4538 33.7469
59.3583 33.7469
59.3486 33.7469
59.2652 33.7469
59.1834 33.7469
60.6051 40.5801
61.8305 53.8036
61.8204 55.7684
62.202 57.9868
62.3451 58.5686
61.0055 69.2629
61.6361 74.9512
61.0641 85.8449
60.8557 91.3238
61.4711 100.026
61.5664 103.933
61.0308 111.048
60.5955 115.782
60.6478 122.994
59.9482 128.386
57.9551 136.527
57.2032 141.355
57.4857 144.438
57.4381 149.901
57.5111 153.128
56.1346 159.243
56.298 161.321
56.308 167.612
56.1573 167.874
56.5125 183.793
55.6689 184.56
55.2682 184.475
55.4814 184.448
55.5861 184.36
55.116 185.131
55.197 184.912
54.908 185.212
55.3607 185.004
54.9976 185.52
55.2522 185.196
55.3151 185.313
55.1836 185.377
54.5132 185.967
54.5711 185.952
54.4997 186.232
53.9159 186.745
54.0897 186.664
54.0476 186.859
53.7211 187.201
53.5626 187.459
53.3814 187.733
53.0826 188.025
53.0945 188.282
52.7954 188.714
52.5613 189.018
0 0
0 0
0 0
50.4935 191.348
49.8672 191.656
49.5135 191.87
0 0
0 0
0 0
0 0
0 0
57.1721 182.12
55.2552 186.996
45.7598 188.928
0 0
0 0
0 0
0 0
0 0
0 0
0 0
0 0
0 0
0 0
0 0
0 0
0 0
0 0
0 0
0 0
0 0
0 0
0 0
0 0
0 0
0 0
0 0
0 0
0 0
0 0
0 0
0 0
0 0
0 0
0 0
0 0
0 0
0 0
0 0
0 0
0 0
0 0
0 0
0 0
0 0
0 0
0 0
0 0
0 0
67.6958 33.7469
60.2642 33.7469
60.0237 33.7469
59.5804 33.7469
59.4136 33.7469
59.3927 33.7469
59.3802 33.7469
59.3744 33.7469
59.4611 33.7469
59.4538 33.7469
59.4468 33.7469
59.3583 33.7469
59.3726 41.7532
62.0127 54.6256
62.0127 54.6256
61.9993 56.6563
62.0468 57.0319
62.8346 61.3589
61.1992 70.3728
60.1884 80.8209
59.5757 84.383
59.7404 91.0946
60.4739 95.5679
59.5124 103.338
60.0442 110.342
59.4569 116.132
58.9046 123.729
58.5864 127.374
58.3815 131.809
56.0551 140.929
55.7213 144.025
55.6747 145.546
55.3598 149.798
54.9428 153.847
54.9856 154.03
53.6129 160.962
53.6197 167.582
52.9712 169.008
52.9712 169.008
52.1508 176.993
52.1692 185.79
51.9675 185.846
51.6341 186.04
51.4466 186.362
51.3103 186.572
51.5213 186.479
51.6969 186.352
51.5806 186.796
51.1862 187.052
50.9197 187.36
51.0201 187.498
50.6746 187.908
50.5867 187.942
50.248 188.337
49.9452 188.612
49.7713 188.747
49.3813 189.141
48.7371 189.654
48.5147 189.836
47.7155 190.325
47.1548 190.771
46.7242 191.169
45.7247 191.93
45.2325 192.554
44.2315 193.369
43.3263 194.154
42.8592 194.354
40.8367 195.366
39.7639 195.649
39.597 195.194
37.2514 195.115
37.0442 194.001
34.6221 192.383
37.2428 187.248
37.4945 186.996
29.9399 188.928
0 0
0 0
0 0
0 0
0 0
0 0
0 0
0 0
0 0
0 0
0 0
0 0
0 0
0 0
0 0
0 0
0 0
0 0
0 0
0 0
0 0
0 0
0 0
0 0
0 0
0 0
0 0
0 0
0 0
0 0
0 0
0 0
0 0
0 0
0 0
0 0
0 0
0 0
0 0
0 0
0 0
0 0
0 0
0 0
0 0
0 0
67.6958 33.7469
60.2642 33.7469
60.1583 33.7469
59.5804 33.7469
59.3076 33.7469
59.1975 33.7469
59.2821 33.7469
59.2784 33.7469
59.3634 33.7469
59.3583 33.7469
59.3533 33.7469
59.1849 33.7469
59.2894 41.5406
61.784 53.9628
60.5848 49.8131
61.8632 56.1152
60.5761 66.5421
61.0585 71.4562
61.0834 77.2673
60.1452 87.0365
60.4141 93.9485
60.0384 97.4213
60.4892 106.23
59.7085 113.507
60.0492 117.426
59.4388 125.474
58.9349 131.793
59.1207 136.343
58.6716 141.029
58.1235 146.094
57.9964 149.85
55.4212 159.974
55.4973 167.085
55.5362 167.177
54.8619 183.576
53.8033 184.622
53.7689 184.64
53.6144 184.582
54.1128 184.391
53.1308 184.962
52.5165 185.815
52.8147 185.489
52.6342 185.67
52.7764 185.978
52.7152 185.991
52.5087 186.169
52.4959 186.4
52.5787 186.578
52.4461 186.775
52.4733 186.778
52.358 187.099
51.8397 187.446
51.8901 187.56
51.5949 187.875
51.2145 188.269
50.8775 188.585
50.4748 188.865
50.2423 189.147
49.8906 189.468
49.4499 189.962
49.1967 190.35
48.454 190.927
48.0771 191.33
47.3227 191.972
46.4127 192.593
46.2445 192.741
46.1287 192.611
46.2666 192.053
47.3114 190.707
46.6793 190.066
47.5366 187.933
46.475 186.682
39.9843 187.606
38.6446 187.558
34.1937 195.227
0 0
0 0
0 0
0 0
0 0
0 0
0 0
0 0
0 0
0 0
0 0
0 0
0 0
0 0
0 0
0 0
0 0
0 0
0 0
0 0
0 0
0 0
0 0
0 0
0 0
0 0
0 0
0 0
0 0
0 0
0 0
0 0
0 0
0 0
0 0
0 0
0 0
0 0
0 0
0 0
0 0
0 0
0 0
0 0
60.8216 33.7469
60.6453 33.7469
59.6957 33.7469
59.5804 33.7469
59.1031 33.7469
59.1031 33.7469
59.1031 33.7469
59.1031 33.7469
59.1975 33.7469
59.1954 33.7469
59.1916 33.7469
59.1881 33.7469
59.1031 33.7469
59.1849 33.7469
59.1031 33.7469
59.2928 41.6811
61.8719 54.6256
61.918 54.9736
61.9526 57.42
61.1178 72.5989
61.1295 74.1285
62.359 79.9618
60.9554 92.5665
61.0421 97.1018
62.2849 104.266
61.5695 110.436
62.0903 114.6
61.2365 121.98
61.4658 127.856
60.7115 132.777
61.081 138.359
60.6759 141.36
60.912 144.932
60.368 150.062
60.3034 155.417
60.1011 162.275
60.0343 162.687
59.5928 171.361
59.6089 180.315
59.3402 180.435
56.7816 183.041
56.4965 183.194
56.3612 183.114
55.8211 183.904
55.7161 183.955
54.8888 184.358
54.9264 184.335
54.6027 184.909
54.0382 185.095
53.7745 185.538
53.7354 185.479
53.7691 185.599
53.5845 185.998
53.4518 186.093
53.0519 186.551
52.6956 186.933
52.2232 187.245
51.7725 187.565
51.3053 187.938
50.8689 188.412
50.4698 188.683
49.8429 189.16
49.4914 189.505
48.881 190.077
48.3414 190.748
47.7119 191.344
47.2111 191.731
46.3382 192.522
45.9213 192.746
45.942 192.311
45.7525 191.811
45.3349 191.38
46.7111 189.203
46.1935 185.798
45.9603 186.718
38.2886 188.172
43.7187 190.039
0 0
0 0
0 0
0 0
0 0
0 0
0 0
0 0
0 0
0 0
0 0
0 0
0 0
0 0
0 0
0 0
0 0
0 0
0 0
0 0
0 0
0 0
0 0
0 0
0 0
0 0
0 0
0 0
0 0
0 0
0 0
0 0
0 0
0 0
0 0
0 0
0 0
0 0
0 0
0 0
0 0
0 0
0 0
0 0
0 0
61.9673 33.7469
60.2748 33.7469
60.1446 33.7469
59.4136 33.7469
59.2821 33.7469
59.1865 33.7469
59.1834 33.7469
59.2622 33.7469
59.3395 33.7469
59.4155 33.7469
59.2565 33.7469
59.2565 33.7469
60.6146 41.2104
60.642 47.9516
61.8763 53.6469
61.8632 56.1152
62.756 60.2803
62.7749 60.9171
62.2089 76.9478
62.3903 78.5718
62.508 86.9967
63.6415 94.9528
62.3175 101.806
62.4288 109.105
61.7163 115.517
61.2365 121.98
60.9343 127.769
60.6846 130.983
59.6259 135.703
59.7905 139.361
58.976 143.09
59.2533 147.729
59.1505 149.395
59.4527 155.457
58.313 160.024
58.255 163.157
57.9165 171.578
58.1972 180.822
55.6524 183.389
55.5604 183.541
55.4425 183.56
55.6949 183.258
55.0757 184.151
55.0622 184.466
54.5067 184.501
54.1885 185.129
54.1531 185.198
54.0717 185.395
54.0408 185.53
53.9159 185.625
53.8851 185.834
53.675 186.077
53.407 186.519
53.5426 186.504
53.3448 186.892
53.3268 187.007
53.2204 187.267
53.1583 187.515
53.1958 187.906
53.2246 187.966
53.2015 188.309
52.8442 188.908
52.1733 189.437
51.5434 190.136
50.6995 190.621
49.9494 191.004
49.5088 191.19
50.1199 189.921
50.1072 189.154
50.8455 187.415
52.4727 183.392
48.3447 186.319
43.7187 190.039
61.1812 180.529
0 0
0 0
0 0
0 0
0 0
0 0
0 0
0 0
0 0
0 0
0 0
0 0
0 0
0 0
0 0
0 0
0 0
0 0
0 0
0 0
0 0
0 0
0 0
0 0
0 0
0 0
0 0
0 0
0 0
0 0
0 0
0 0
0 0
0 0
0 0
0 0
0 0
0 0
0 0
0 0
0 0
0 0
0 0
0 0
67.6958 33.7469
60.2642 33.7469
60.1583 33.7469
59.6759 33.7469
59.3994 33.7469
59.2821 33.7469
59.2683 33.7469
59.344 33.7469
59.2593 33.7469
59.3312 33.7469
59.2512 33.7469
59.3197 33.7469
59.2463 33.7469
59.3197 33.7469
59.3197 33.7469
59.2487 33.7469
59.1778 33.7469
61.8337 53.3408
0 0
61.9192 54.4559
62.7749 60.9171
62.9601 62.287
64.2496 72.0246
62.879 82.3692
63.3984 87.8008
61.0175 96.6386
62.2442 104.796
62.031 109.242
62.1001 115.948
61.6055 120.68
61.0624 124.976
61.6305 129.272
60.6072 134.255
60.6072 134.255
59.9129 138.894
59.9248 140.44
60.3454 143.987
60.0347 148.45
59.9788 149.288
59.7001 153.573
59.6589 155.823
59.8531 155.888
58.9501 160.643
59.5281 163.441
59.0192 171.698
59.7645 180.316
57.4496 182.845
56.8072 183.704
56.6981 183.697
56.3025 184.107
0 0
0 0
0 0
55.3319 185.067
55.4109 185.106
0 0
0 0
54.9753 185.901
55.2474 185.912
55.0372 186.05
54.6459 186.599
54.3738 186.849
53.8604 187.186
53.6235 187.491
52.8218 188.226
52.1572 188.955
50.9564 189.597
49.631 190.402
48.7253 190.868
48.0968 191.333
48.2695 190.485
46.6055 190.794
47.2907 188.333
45.6998 186.041
38.9004 187.118
43.7187 190.039
45.7598 188.928
0 0
0 0
0 0
0 0
0 0
0 0
0 0
0 0
0 0
0 0
0 0
0 0
0 0
0 0
0 0
0 0
0 0
0 0
0 0
0 0
0 0
0 0
0 0
0 0
0 0
0 0
0 0
0 0
0 0
0 0
0 0
0 0
0 0
0 0
0 0
0 0
0 0
0 0
0 0
0 0
0 0
0 0
0 0
0 0
0 0
0 0
0 0
0 0
60.8216 33.7469
60.2642 33.7469
60.1967 33.7469
59.7082 33.7469
59.4136 33.7469
59.2859 33.7469
59.1865 33.7469
59.2593 33.7469
59.3312 33.7469
59.3234 33.7469
59.3161 33.7469
59.3126 33.7469
59.2416 33.7469
0 0
0 0
0 0
59.1718 33.7469
59.1718 33.7469
59.1729 33.7469
59.1741 33.7469
59.1031 33.7469
59.103 33.7469
59.2105 41.3391
59.2164 41.7532
59.2229 42.2151
58.8002 60.7666
58.4495 72.753
57.3898 80.8307
57.2754 82.0078
56.4998 88.4354
56.4052 96.4991
56.316 98.5736
55.1053 105.671
55.0874 110.883
54.9126 116.244
55.5813 118.65
55.6535 123.642
55.5669 125.591
56.2256 129.973
55.8078 133.848
55.6034 136.387
56.1537 140.034
55.4629 144.025
54.2784 152.283
54.4311 155.128
53.9632 158.898
53.4171 166.293
53.9195 169.262
52.8863 184.962
52.1634 185.749
52.5517 185.458
52.7696 185.486
52.598 185.93
52.9601 185.829
52.7229 186.266
53.0838 186.135
53.1039 186.479
53.2276 186.729
53.5979 186.758
53.5269 187.081
53.2559 187.515
53.1839 187.692
52.8483 188.149
52.6019 188.417
51.8717 189.199
50.7196 189.957
49.7973 190.31
48.3831 191.355
48.489 190.671
47.9466 190.356
47.2374 189.165
47.1286 186.408
39.9843 187.606
43.7187 190.039
45.7598 188.928
0 0
0 0
0 0
0 0
0 0
0 0
0 0
0 0
0 0
0 0
0 0
0 0
0 0
0 0
0 0
0 0
0 0
0 0
0 0
0 0
0 0
0 0
0 0
0 0
0 0
0 0
0 0
0 0
0 0
0 0
0 0
0 0
0 0
0 0
0 0
0 0
0 0
0 0
0 0
0 0
0 0
0 0
0 0
0 0
0 0
0 0
67.6958 33.7469
60.9444 33.7469
60.1771 33.7469
59.6238 33.7469
59.4213 33.7469
59.1975 33.7469
59.1031 33.7469
0 0
0 0
0 0
59.2538 33.7469
59.2512 33.7469
59.1753 33.7469
59.1031 33.7469
59.1031 33.7469
59.032 33.7469
59.032 33.7469
59.0308 33.7469
59.0296 33.7469
59.1356 41.1477
60.4672 48.3038
61.7795 54.4559
60.1588 66.2871
61.0433 71.2518
58.7811 81.0379
59.4594 87.9183
59.1666 95.3235
58.3387 100.284
57.2693 107.044
57.2618 113.527
56.9947 119.353
56.792 124.798
56.6259 128.109
0 0
0 0
0 0
0 0
56.408 145.388
55.8913 146.972
56.0316 153.961
55.667 157.976
53.7291 163.798
53.4771 164.467
53.8063 164.687
53.2482 175.569
53.071 176.484
52.5711 185.19
52.8584 185.067
52.6782 185.518
52.6504 185.696
52.5394 185.938
52.3774 186.252
52.1997 186.505
52.1867 186.586
52.2017 186.806
52.1616 186.99
52.0377 187.348
51.8733 187.647
51.8934 187.807
51.7508 188.278
51.549 188.597
51.104 189.158
50.3661 189.886
49.9116 190.415
48.5972 191.496
47.4386 192.328
46.8373 192.707
45.3127 193.495
44.4748 192.583
42.7739 192.855
41.2631 191.427
40.4068 187.248
38.2886 188.172
43.7187 190.039
0 0
0 0
0 0
0 0
0 0
0 0
0 0
0 0
0 0
0 0
0 0
0 0
0 0
0 0
0 0
0 0
0 0
0 0
0 0
0 0
0 0
0 0
0 0
0 0
0 0
0 0
0 0
0 0
0 0
0 0
0 0
0 0
0 0
0 0
0 0
0 0
0 0
0 0
0 0
0 0
0 0
0 0
0 0
0 0
0 0
0 0
60.6943 33.7469
59.8502 33.7469
59.5941 33.7469
59.3029 33.7469
59.1916 33.7469
59.1031 33.7469
59.1805 33.7469
59.1778 33.7469
59.2487 33.7469
59.2463 33.7469
59.2439 33.7469
59.1718 33.7469
0 0
0 0
0 0
59.1031 33.7469
59.0332 33.7469
59.1031 33.7469
59.0296 33.7469
0 0
0 0
0 0
0 0
0 0
59.38 79.7701
58.6845 84.6145
59.5016 95.2019
59.1708 99.3946
58.7981 104.944
58.0351 111.956
58.0758 116.039
57.5443 122.715
57.1249 126.489
56.9196 128.429
56.824 132.173
57.1507 135.699
56.7405 139.32
56.4062 141.328
56.6831 143.272
56.2485 145.618
56.6081 147.931
56.0182 154.349
54.1356 162.114
54.0283 162.49
53.7934 166.181
53.0154 176.456
53.1284 176.486
52.831 184.992
52.0492 185.815
52.506 185.488
52.4845 185.666
52.1033 186.18
52.1832 186.252
51.8079 186.716
51.69 186.828
51.4823 187.158
51.0244 187.629
50.7604 187.902
50.4248 188.259
49.9703 188.764
49.3805 189.16
48.8861 189.721
48.1916 190.312
47.3411 191.09
45.7089 192.038
44.4135 192.978
43.0444 193.909
40.2861 195.082
38.3372 195.132
33.2593 196.43
33.8177 194.177
36.3654 187.511
36.9444 188.368
38.6446 187.558
34.1937 195.227
0 0
0 0
0 0
0 0
0 0
0 0
0 0
0 0
0 0
0 0
0 0
0 0
0 0
0 0
0 0
0 0
0 0
0 0
0 0
0 0
0 0
0 0
0 0
0 0
0 0
0 0
0 0
0 0
0 0
0 0
0 0
0 0
0 0
0 0
0 0
0 0
0 0
0 0
0 0
0 0
0 0
0 0
0 0
0 0
0 0
0 0
0 0
0 0
0 0
0 0
0 0
60.6943 33.7469
60.1022 33.7469
59.6574 33.7469
59.3234 33.7469
59.1031 33.7469
59.0196 33.7469
59.1031 33.7469
59.1791 33.7469
59.1778 33.7469
59.1031 33.7469
59.1765 33.7469
59.1031 33.7469
59.1031 33.7469
59.1031 33.7469
59.0296 33.7469
59.0296 33.7469
59.0283 33.7469
59.027 33.7469
59.1362 41.2742
59.0617 41.4723
61.7699 56.4731
61.8094 57.42
62.4199 60.2658
61.0205 72.1741
61.1213 76.8432
60.0935 85.7962
60.1412 93.7502
60.0382 99.1543
60.0694 104.086
59.2777 108.732
59.3515 116.888
59.0672 121.254
59.0181 123.655
58.9153 127.884
58.2053 133.387
58.2491 134.081
58.2898 137.094
58.1074 139.991
57.6169 143.997
57.818 144.256
57.2786 147.588
57.8642 150.487
57.1967 155.115
57.3189 157.004
57.3366 161.502
56.4384 172.423
54.5077 175.448
54.3676 184.224
53.7356 184.678
53.6776 184.666
53.4989 185.188
53.4907 185.254
53.4321 185.636
53.0872 185.75
52.8214 186.245
52.6853 186.603
52.5584 186.786
52.159 187.309
51.9914 187.61
52.011 187.771
51.8664 188.245
51.8553 188.504
51.8328 188.715
51.1323 189.489
50.6358 190.092
49.3591 190.82
47.7556 191.871
47.2866 191.988
45.9383 192.053
45.0125 191.958
45.6271 189.798
39.8136 187.023
40.4068 187.248
38.2886 188.172
43.7187 190.039
34.1937 195.227
0 0
0 0
0 0
0 0
0 0
0 0
0 0
0 0
0 0
0 0
0 0
0 0
0 0
0 0
0 0
0 0
0 0
0 0
0 0
0 0
0 0
0 0
0 0
0 0
0 0
0 0
0 0
0 0
0 0
0 0
0 0
0 0
0 0
0 0
0 0
0 0
0 0
0 0
0 0
0 0
0 0
0 0
0 0
0 0
0 0
60.8216 33.7469
60.1509 33.7469
59.54 33.7469
59.4562 33.7469
59.2066 33.7469
59.0086 33.7469
59.1031 33.7469
59.1031 33.7469
59.1031 33.7469
59.0256 33.7469
59.103 33.7469
59.1031 33.7469
59.0308 33.7469
58.9598 33.7469
58.9598 33.7469
58.9598 33.7469
58.9574 33.7469
59.0644 40.9657
59.1356 41.1477
60.4069 48.4251
61.8237 54.7982
62.2838 57.5532
62.8791 62.7749
61.1411 73.1428
62.508 80.145
60.517 92.5747
60.6686 95.9501
60.5698 102.286
61.3004 108.365
59.9399 117.011
59.937 122.99
60.2204 125.473
59.9001 129.387
59.191 134.137
58.7901 136.455
58.8029 140.656
58.5086 142.923
58.7643 145.648
58.7278 148.934
58.9282 153.895
58.3686 156.322
58.296 160.606
58.3834 163.866
55.4837 175.197
55.772 183.397
54.992 184.249
55.1301 184.241
55.0083 184.168
55.0213 184.593
54.3829 185.271
54.1297 185.334
54.6332 185.033
54.2621 185.39
54.1927 185.467
54.0522 185.688
53.67 186.132
53.472 186.28
53.1147 186.654
52.8346 187.022
52.5834 187.333
52.5638 187.53
52.2154 188.027
51.9975 188.23
51.4282 188.684
50.2625 189.575
49.228 190.276
47.7974 191.222
46.9212 191.399
45.2636 192.035
43.9589 192.168
42.2649 192.201
41.6209 191.756
37.3242 186.943
37.9232 187.388
37.078 187.679
38.2886 188.172
43.7187 190.039
34.1937 195.227
0 0
0 0
0 0
0 0
0 0
0 0
0 0
0 0
0 0
0 0
0 0
0 0
0 0
0 0
0 0
0 0
0 0
0 0
0 0
0 0
0 0
0 0
0 0
0 0
0 0
0 0
0 0
0 0
0 0
0 0
0 0
0 0
0 0
0 0
0 0
0 0
0 0
0 0
0 0
0 0
0 0
0 0
0 0
0 0
0 0
0 0
0 0
0 0
0 0
0 0
0 0
59.2041 33.7469
59.1935 33.7469
59.3533 33.7469
59.2622 33.7469
59.2565 33.7469
59.2538 33.7469
60.5546 40.3504
61.7267 47.1865
62.0746 49.1745
0 0
0 0
0 0
0 0
0 0
0 0
0 0
61.6248 90.767
62.2143 94.2945
61.7966 98.2051
61.4157 103.777
60.7395 108.076
60.4387 112.171
59.8105 115.532
59.9116 118.354
59.8761 121.659
59.595 126.178
58.9368 129.834
59.3432 130.596
58.6718 133.316
58.6905 135.548
58.728 136.225
56.6043 142.866
55.8948 145.442
56.0649 147.301
56.1015 147.539
56.1825 149.188
0 0
0 0
0 0
55.3522 158.304
54.9969 161.889
54.0054 163.371
54.5894 165.617
53.7098 176.338
52.8555 177.52
53.1432 177.562
52.5784 186.4
52.6995 186.317
52.7331 186.236
52.6761 186.501
52.3676 186.52
52.431 186.697
51.6469 186.972
0 0
0 0
0 0
49.8836 188.502
49.6875 188.708
49.6875 188.708
49.9883 188.779
49.7966 189.236
49.7717 189.487
49.2923 190.06
48.5736 190.468
48.2662 190.963
47.3699 191.563
45.3277 193.113
43.4998 194.566
40.5144 195.82
37.1695 198.224
33.02 199.052
33.2034 198.67
0 0
0 0
0 0
34.1937 195.227
0 0
0 0
0 0
0 0
0 0
0 0
0 0
0 0
0 0
0 0
0 0
0 0
0 0
0 0
0 0
0 0
0 0
0 0
0 0
0 0
0 0
0 0
0 0
0 0
0 0
0 0
0 0
0 0
0 0
0 0
0 0
0 0
0 0
0 0
0 0
0 0
0 0
0 0
0 0
0 0
0 0
0 0
0 0
0 0
0 0
0 0
0 0
50.5103 33.7469
58.7593 33.7469
0 0
0 0
0 0
0 0
0 0
58.7183 33.7469
60.6882 44.7556
0 0
0 0
0 0
0 0
61.9556 50.0853
59.9904 59.927
60.3712 42.5538
58.2044 65.4746
61.9026 49.3218
58.2685 65.739
58.2685 65.739
60.0735 56.6947
58.2544 66.2812
58.6866 53.5342
55.1772 54.6366
56.8125 43.0173
52.5312 67.4787
55.1003 55.0462
52.4095 68.1034
52.8711 74.0205
0 0
0 0
0 0
52.26 76.5957
0 0
0 0
0 0
0 0
0 0
0 0
0 0
0 0
51.8136 71.6871
53.5624 68.3549
51.8022 71.3543
0 0
0 0
0 0
0 0
59.3029 33.7469
55.7401 50.6477
59.2091 33.7469
0 0
0 0
0 0
0 0
0 0
0 0
0 0
0 0
0 0
0 0
59.4766 33.7469
59.1031 33.7469
0 0
0 0
0 0
0 0
0 0
0 0
0 0
0 0
0 0
0 0
0 0
0 0
0 0
0 0
0 0
0 0
0 0
0 0
0 0
0 0
0 0
0 0
0 0
0 0
0 0
0 0
0 0
0 0
0 0
0 0
0 0
0 0
0 0
0 0
0 0
0 0
0 0
0 0
0 0
0 0
0 0
0 0
0 0
0 0
0 0
0 0
0 0
0 0
0 0
0 0
57.7463 33.7469
57.7463 33.7469
59.4766 33.7469
58.7593 33.7469
0 0
0 0
0 0
0 0
0 0
0 0
59.103 33.7469
58.8935 33.7469
0 0
0 0
0 0
0 0
0 0
0 0
0 0
0 0
58.5302 33.7469
58.5302 33.7469
0 0
0 0
0 0
0 0
0 0
0 0
58.9202 33.7469
58.9202 33.7469
0 0
0 0
0 0
0 0
0 0
0 0
0 0
0 0
0 0
58.5302 33.7469
58.9032 33.7469
0 0
0 0
0 0
0 0
62.3496 52.485
59.0005 52.8924
58.6734 33.7469
0 0
0 0
0 0
0 0
0 0
0 0
58.2738 83.5974
58.6103 92.4628
58.6103 92.4628
58.6103 92.4628
58.3959 86.5885
63.0496 73.7784
58.6103 92.4628
58.6103 92.4628
54.3339 110.883
63.5641 81.3519
58.3427 101.596
58.3427 101.596
58.707 104.752
0 0
0 0
0 0
0 0
0 0
0 0
0 0
0 0
0 0
0 0
50.5103 33.7469
0 0
50.5103 33.7469
0 0
0 0
0 0
0 0
50.5103 33.7469
59.1031 33.7469
59.1031 33.7469
59.1031 33.7469
59.1031 33.7469
0 0
0 0
57.7463 33.7469
57.7463 33.7469
57.7463 33.7469
0 0
0 0
0 0
59.4766 33.7469
59.2281 62.1563
0 0
0 0
0 0
59.1876 99.3702
58.4593 113.323
59.3057 115.391
59.0948 122.7
0 0
0 0
0 0
0 0
57.2415 140.641
56.6385 143.815
56.5456 144.74
56.676 144.119
55.5426 147.936
55.4675 146.232
54.6859 147.979
55.2217 148.902
55.2217 148.902
55.4417 149.013
55.3004 151.401
55.0073 152.01
55.5149 151.605
55.1342 153.029
55.1342 153.029
55.5633 153.189
55.2559 156.989
0 0
0 0
0 0
55.7875 160.821
55.6945 161.453
56.2252 160.991
55.7335 161.589
56.6336 161.202
56.7687 164.014
56.4376 167.961
56.9416 168.331
57.2169 167.904
57.6438 167.857
57.6694 167.949
57.7039 168.234
58.0992 168.105
58.004 185.343
0 0
0 0
0 0
0 0
0 0
0 0
0 0
58.035 184.504
57.9051 184.619
57.6716 184.677
57.8716 184.625
0 0
0 0
0 0
0 0
57.2713 185.128
57.1422 185.018
0 0
0 0
0 0
0 0
55.8646 186.112
55.8965 186.137
55.7948 186.238
0 0
0 0
0 0
0 0
54.0247 187.626
53.7803 187.904
53.2915 188.176
52.8218 188.594
52.5045 188.934
0 0
0 0
0 0
0 0
0 0
48.4394 192.042
47.4281 192.466
46.3363 193.047
46.1561 193.097
45.8495 192.939
46.1828 192.306
46.0058 191.723
44.7383 191.816
46.8724 189.944
45.6108 188.863
40.4068 187.248
38.6446 187.558
39.3123 186.408
34.1937 195.227
0 0
0 0
0 0
0 0
0 0
0 0
0 0
0 0
0 0
0 0
0 0
0 0
0 0
0 0
0 0
0 0
0 0
0 0
0 0
0 0
0 0
0 0
0 0
0 0
0 0
0 0
0 0
0 0
0 0
0 0
0 0
0 0
0 0
0 0
0 0
0 0
0 0
0 0
0 0
0 0
0 0
0 0
0 0
0 0
0 0
0 0
0 0
0 0
0 0
0 0
0 0
0 0
0 0
0 0
60.6943 33.7469
60.3306 33.7469
59.8074 33.7469
59.3292 33.7469
59.2018 33.7469
59.1935 33.7469
59.1881 33.7469
59.2683 33.7469
59.2652 33.7469
59.1819 33.7469
0 0
0 0
0 0
59.103 33.7469
59.103 33.7469
59.0256 33.7469
59.0242 33.7469
59.1031 33.7469
59.0196 33.7469
61.9167 55.5179
62.0163 56.2885
61.1611 70.3682
61.2312 73.4767
60.7544 85.3765
60.1603 89.7347
60.0975 98.3564
60.1465 104.654
59.8038 110.518
60.0119 117.646
0 0
0 0
0 0
0 0
58.2925 138.772
58.0318 142.644
57.7784 145.906
57.3079 152.917
57.1583 154.962
0 0
0 0
0 0
0 0
0 0
0 0
53.468 184.804
52.8213 185.315
52.6605 185.219
52.0148 186.012
51.798 186.217
51.7233 186.493
51.5842 186.636
51.6922 186.693
51.3938 187.028
51.412 187.056
51.1203 187.586
51.1453 187.596
50.7063 188.075
50.4353 188.352
50.1992 188.548
49.7246 189.075
49.576 189.226
49.3952 189.424
49.051 189.772
48.519 190.286
48.5146 190.603
48.204 191.031
47.3202 191.669
46.2805 192.664
46.0167 192.867
44.9957 193.655
44.5999 193.462
44.1771 193.389
42.7309 192.73
43.1784 190.903
38.7713 187.34
38.4592 187.878
38.6446 187.558
34.1937 195.227
0 0
0 0
0 0
0 0
0 0
0 0
0 0
0 0
0 0
0 0
0 0
0 0
0 0
0 0
0 0
0 0
0 0
0 0
0 0
0 0
0 0
0 0
0 0
0 0
0 0
0 0
0 0
0 0
0 0
0 0
0 0
0 0
0 0
0 0
0 0
0 0
0 0
0 0
0 0
0 0
0 0
0 0
0 0
0 0
0 0
0 0
0 0
0 0
67.6958 33.7469
60.9258 33.7469
59.9137 33.7469
59.7082 33.7469
59.3076 33.7469
59.2859 33.7469
59.2715 33.7469
59.2652 33.7469
59.3395 33.7469
59.2565 33.7469
59.3312 33.7469
59.3272 33.7469
59.1778 33.7469
59.1778 33.7469
59.103 33.7469
59.103 33.7469
59.1031 33.7469
59.0227 33.7469
61.8102 47.9906
61.8695 55.152
62.3844 57.7567
62.9448 63.2797
64.2694 69.8967
0 0
0 0
0 0
0 0
0 0
60.623 120.107
60.703 125.099
0 0
0 0
0 0
59.5759 140.848
58.7258 144.737
59.5453 147.857
0 0
0 0
0 0
58.4278 162.484
57.6503 171.27
57.855 180.834
57.7512 181.064
57.9865 180.93
55.2773 183.695
55.5453 183.376
54.9497 184.275
54.9271 184.216
55.2322 184.216
54.3817 185.297
54.1226 185.36
54.1408 185.28
53.8765 185.69
53.6547 185.83
53.7421 186.089
53.727 186.115
0 0
0 0
0 0
0 0
53.2511 187.293
53.1323 187.66
53.2082 187.789
53.1638 188.242
52.9794 188.545
52.3143 189.175
51.0665 189.89
50.0842 190.416
49.0738 190.754
48.202 190.992
47.16 190.356
45.3643 189.923
49.1454 183.977
38.8857 187.143
38.4592 187.878
38.6446 187.558
34.1937 195.227
0 0
0 0
0 0
0 0
0 0
0 0
0 0
0 0
0 0
0 0
0 0
0 0
0 0
0 0
0 0
0 0
0 0
0 0
0 0
0 0
0 0
0 0
0 0
0 0
0 0
0 0
0 0
0 0
0 0
0 0
0 0
0 0
0 0
0 0
0 0
0 0
0 0
0 0
0 0
0 0
0 0
0 0
0 0
0 0
0 0
0 0
67.6958 33.7469
60.0578 33.7469
60.0237 33.7469
59.6759 33.7469
59.3927 33.7469
59.2821 33.7469
59.2683 33.7469
59.3395 33.7469
59.3353 33.7469
59.4046 33.7469
59.3943 33.7469
59.3895 33.7469
59.4581 33.7469
59.3848 33.7469
59.3848 33.7469
59.3126 33.7469
59.3126 33.7469
59.2416 33.7469
59.1729 33.7469
59.1741 33.7469
59.1741 33.7469
59.1031 33.7469
59.103 33.7469
0 0
0 0
0 0
59.103 33.7469
59.1031 33.7469
62.4227 50.7521
62.4283 59.4763
61.3308 74.8175
0 0
0 0
0 0
60.0187 105.771
60.0508 108.298
59.1438 117.006
0 0
0 0
0 0
59.1782 136.911
59.0598 138.879
58.1807 142.616
58.7258 144.737
0 0
0 0
0 0
0 0
0 0
0 0
54.8666 184.275
54.8743 184.704
54.3402 185.326
54.3067 185.332
53.7878 185.785
54.0065 185.736
53.6391 186.178
53.5906 186.229
53.5001 186.78
53.5926 186.841
53.3852 187.028
53.2106 187.482
53.0029 187.893
53.145 188.139
52.2457 188.845
51.7069 189.185
50.9252 189.932
49.664 190.655
48.7777 191.424
48.0507 191.329
46.7793 191.654
46.0814 191.08
44.5909 189.887
44.2398 186.353
38.2083 188.31
38.2886 188.172
34.1937 195.227
34.1937 195.227
0 0
0 0
0 0
0 0
0 0
0 0
0 0
0 0
0 0
0 0
0 0
0 0
0 0
0 0
0 0
0 0
0 0
0 0
0 0
0 0
0 0
0 0
0 0
0 0
0 0
0 0
0 0
0 0
0 0
0 0
0 0
0 0
0 0
0 0
0 0
0 0
0 0
0 0
0 0
0 0
0 0
0 0
0 0
0 0
0 0
0 0
0 0
60.3306 33.7469
59.9086 33.7469
59.6335 33.7469
59.3863 33.7469
59.2784 33.7469
59.3533 33.7469
59.4335 33.7469
59.4273 33.7469
59.4972 33.7469
59.4155 33.7469
59.4833 33.7469
59.4099 33.7469
59.4099 33.7469
59.2565 33.7469
59.2565 33.7469
59.2565 33.7469
59.1805 33.7469
59.1819 33.7469
59.1834 33.7469
59.1849 33.7469
60.7158 49.3344
60.775 49.9064
62.2809 57.1158
60.3398 68.0241
61.4054 73.3374
61.4282 77.1554
60.2145 92.6059
59.6675 98.3267
0 0
0 0
0 0
59.0325 124.429
58.2245 131.038
57.7302 134.081
0 0
0 0
0 0
0 0
57.4133 154.764
0 0
0 0
0 0
56.6311 181.064
54.5345 183.861
54.4467 183.756
53.7758 184.574
53.8287 184.636
53.5605 184.872
53.4672 185.481
53.657 185.301
52.9178 186.004
52.9111 186.007
53.2403 185.958
52.9463 186.42
52.6503 186.801
52.6072 186.96
51.8076 187.59
51.4905 187.93
51.5482 188.196
51.4082 188.363
51.0891 188.916
50.6883 189.477
50.3879 190.045
0 0
0 0
0 0
0 0
44.8093 192.714
0 0
0 0
0 0
0 0
0 0
0 0
0 0
0 0
0 0
0 0
0 0
0 0
0 0
0 0
0 0
0 0
0 0
0 0
0 0
0 0
0 0
0 0
0 0
0 0
0 0
0 0
0 0
0 0
0 0
0 0
0 0
0 0
0 0
0 0
0 0
0 0
0 0
0 0
0 0
0 0
0 0
0 0
0 0
0 0
0 0
0 0
0 0
0 0
0 0
0 0
0 0
0 0
0 0
60.8216 33.7469
59.764 33.7469
59.8074 33.7469
59.4294 33.7469
59.294 33.7469
59.1916 33.7469
59.1865 33.7469
59.1849 33.7469
59.344 33.7469
59.2593 33.7469
59.2538 33.7469
59.2512 33.7469
59.3197 33.7469
59.2463 33.7469
59.1741 33.7469
59.1741 33.7469
59.1741 33.7469
59.1753 33.7469
59.1031 33.7469
59.103 33.7469
60.5169 41.4723
0 0
0 0
0 0
0 0
0 0
0 0
0 0
0 0
0 0
0 0
60.8097 111.991
61.3789 116.018
60.8796 120.941
60.257 127.34
60.2768 128.94
60.0616 132.258
60.2242 135.386
59.9779 138.718
60.1875 139.055
59.442 143.209
0 0
0 0
0 0
0 0
0 0
57.8388 171.365
55.4346 183.609
0 0
0 0
0 0
55.2124 184.518
54.5074 185.096
54.2068 185.309
53.8383 185.764
0 0
0 0
0 0
0 0
0 0
0 0
0 0
52.4884 188.489
52.0992 189.011
51.5748 189.527
50.5445 190.451
49.4613 191.175
48.1989 191.796
47.8581 192.103
47.3572 191.557
47.4824 190.022
45.465 186.228
40.4068 187.248
38.6446 187.558
34.1937 195.227
0 0
0 0
0 0
0 0
0 0
0 0
0 0
0 0
0 0
0 0
0 0
0 0
0 0
0 0
0 0
0 0
0 0
0 0
0 0
0 0
0 0
0 0
0 0
0 0
0 0
0 0
0 0
0 0
0 0
0 0
0 0
0 0
0 0
0 0
0 0
0 0
0 0
0 0
0 0
0 0
0 0
0 0
0 0
0 0
0 0
0 0
59.4766 33.7469
59.6759 33.7469
59.3634 33.7469
59.3029 33.7469
59.1935 33.7469
59.1865 33.7469
59.1834 33.7469
59.2593 33.7469
59.3312 33.7469
59.2512 33.7469
0 0
0 0
0 0
59.1031 33.7469
59.1753 33.7469
59.1753 33.7469
59.1031 33.7469
59.1031 33.7469
59.0256 33.7469
60.4534 41.5406
61.8695 55.152
62.4415 58.1743
63.1598 61.9534
62.5307 78.429
63.5287 85.2459
61.0188 95.7636
61.7916 102.53
62.0356 109.701
62.0469 114.67
61.4945 122.128
61.1012 128.813
60.7039 132.224
61.0085 136.093
60.3976 139.261
60.9619 144.88
59.4162 150.762
60.2081 153.666
59.9725 157.785
59.6199 161.208
59.4515 162.2
0 0
0 0
0 0
0 0
0 0
56.6557 183.461
0 0
0 0
0 0
0 0
0 0
0 0
0 0
54.9002 185.083
54.384 185.73
0 0
0 0
0 0
53.0094 186.994
52.7416 187.352
52.1979 187.925
0 0
0 0
0 0
51.07 189.427
50.8729 189.772
50.8576 190.111
50.6115 190.416
50.6409 190.339
0 0
0 0
0 0
53.4622 183.424
52.6977 183.944
47.1655 187.061
42.7161 190.586
34.1937 195.227
34.1937 195.227
0 0
0 0
0 0
0 0
0 0
0 0
0 0
0 0
0 0
0 0
0 0
0 0
0 0
0 0
0 0
0 0
0 0
0 0
0 0
0 0
0 0
0 0
0 0
0 0
0 0
0 0
0 0
0 0
0 0
0 0
0 0
0 0
0 0
0 0
0 0
0 0
0 0
0 0
0 0
0 0
0 0
0 0
0 0
0 0
0 0
0 0
0 0
0 0
0 0
0 0
59.1935 33.7469
59.2715 33.7469
59.2652 33.7469
59.3395 33.7469
59.3353 33.7469
59.4099 33.7469
59.3312 33.7469
59.3272 33.7469
59.2538 33.7469
0 0
0 0
0 0
61.7697 47.4068
62.1647 49.9459
62.7017 58.7688
63.9055 65.2346
64.8063 72.0272
63.674 83.8794
64.8482 92.0868
65.662 97.6577
65.319 104.872
66.0025 112.233
63.9238 120.268
64.8739 127.285
64.3368 132.632
64.931 136.972
64.1403 142.936
64.6147 145.982
64.6701 152.139
64.043 160.328
64.2007 160.526
0 0
0 0
0 0
0 0
0 0
0 0
0 0
0 0
0 0
62.4805 179.979
62.6357 179.987
62.6004 180.096
0 0
0 0
0 0
0 0
59.6808 183.29
0 0
0 0
0 0
0 0
0 0
0 0
0 0
0 0
0 0
57.9681 186.199
57.9485 186.413
0 0
0 0
0 0
0 0
0 0
0 0
0 0
0 0
0 0
0 0
0 0
0 0
0 0
0 0
0 0
0 0
0 0
0 0
0 0
0 0
0 0
0 0
0 0
0 0
0 0
0 0
0 0
0 0
0 0
0 0
0 0
0 0
0 0
0 0
0 0
0 0
0 0
0 0
0 0
0 0
0 0
0 0
0 0
0 0
0 0
0 0
0 0
0 0
0 0
0 0
0 0
0 0
0 0
0 0
0 0
0 0
0 0
0 0
0 0
59.5327 33.7469
59.5256 33.7469
59.3179 33.7469
59.1031 33.7469
59.1031 33.7469
59.1834 33.7469
59.2565 33.7469
59.3272 33.7469
59.2487 33.7469
59.2463 33.7469
59.2439 33.7469
59.2439 33.7469
59.1741 33.7469
59.1741 33.7469
0 0
0 0
59.1765 33.7469
60.5297 41.1477
61.8141 47.6345
62.356 56.8426
62.9252 59.8201
63.6059 64.0294
0 0
0 0
0 0
0 0
0 0
64.601 101.967
65.2085 107.983
63.6224 114.007
63.4883 121.398
63.86 124.104
63.1271 129.041
62.8307 133.072
63.2792 135.219
63.2769 140.922
63.4624 141.112
62.7503 146.201
62.5767 150.137
62.342 152.75
62.0897 157.833
62.0583 158.303
61.6337 161.91
61.8098 162.33
61.0907 180.177
61.2743 180.306
60.9584 180.42
57.9781 183.058
57.8004 183.089
57.4515 183.061
56.8053 183.905
0 0
0 0
0 0
55.9426 184.933
55.6344 185.184
55.5294 185.388
55.1318 185.584
0 0
0 0
0 0
0 0
0 0
0 0
0 0
0 0
0 0
49.2858 190.6
47.5765 191.389
47.1311 191.079
44.8542 191.575
44.9762 190.131
44.1316 186.312
0 0
0 0
31.0593 190.586
34.1937 195.227
34.1937 195.227
0 0
0 0
0 0
0 0
0 0
0 0
0 0
0 0
0 0
0 0
0 0
0 0
0 0
0 0
0 0
0 0
0 0
0 0
0 0
0 0
0 0
0 0
0 0
0 0
0 0
0 0
0 0
0 0
0 0
0 0
0 0
0 0
0 0
0 0
0 0
0 0
0 0
0 0
0 0
0 0
0 0
0 0
0 0
0 0
0 0
0 0
0 0
0 0
0 0
0 0
59.764 33.7469
59.7257 33.7469
59.3179 33.7469
59.1996 33.7469
0 0
0 0
0 0
0 0
0 0
0 0
0 0
59.4213 33.7469
59.2622 33.7469
59.3395 33.7469
59.2593 33.7469
59.2593 33.7469
60.5793 41.4051
60.6055 41.5406
61.9571 47.9906
62.3123 57.0319
62.421 57.8212
62.9499 60.4944
63.7652 65.1014
61.9382 77.5799
60.7815 86.2228
60.5971 92.1214
60.6737 95.115
60.2911 101.064
60.7764 106.424
60.7813 110.687
60.1498 114.055
0 0
0 0
0 0
59.1154 130.622
59.22 133.822
59.586 135.395
58.2749 139.875
58.798 143.145
58.571 143.099
58.2137 151.248
58.4357 151.482
58.1542 154.563
58.2928 158.81
58.3327 162.422
57.8518 171.27
57.9291 181.069
0 0
0 0
0 0
0 0
0 0
0 0
54.2711 185.303
53.486 185.881
53.1666 186.103
53.148 186.448
52.5337 186.852
51.888 187.388
51.49 187.714
0 0
0 0
0 0
0 0
0 0
0 0
44.3882 192.779
41.9456 194.152
40.4091 194.827
37.1168 195.259
36.8546 194.566
33.1616 193.287
36.5577 186.702
35.0827 187.679
37.25 187.606
30.6905 190.039
0 0
0 0
0 0
0 0
0 0
0 0
0 0
0 0
0 0
0 0
0 0
0 0
0 0
0 0
0 0
0 0
0 0
0 0
0 0
0 0
0 0
0 0
0 0
0 0
0 0
0 0
0 0
0 0
0 0
0 0
0 0
0 0
0 0
0 0
0 0
0 0
0 0
0 0
0 0
0 0
0 0
0 0
0 0
0 0
0 0
0 0
0 0
0 0
67.6958 33.7469
60.7142 33.7469
59.764 33.7469
59.4878 33.7469
59.1031 33.7469
59.1031 33.7469
59.0086 33.7469
0 0
0 0
0 0
0 0
59.1898 33.7469
59.1865 33.7469
59.1031 33.7469
59.0227 33.7469
59.0242 33.7469
59.0256 33.7469
59.0256 33.7469
58.9468 33.7469
59.0242 33.7469
58.9409 33.7469
60.5029 41.8266
58.6899 52.9729
58.7275 60.5296
56.4085 71.1906
57.7383 77.4795
57.2733 84.6991
0 0
0 0
55.9274 104.66
55.6759 110.22
54.0623 116.228
53.6188 120.289
53.9652 124.849
53.4932 129.818
53.2759 132.281
53.5072 136.031
54.2735 140.659
53.8449 142.388
53.3232 148.668
52.7593 152.398
52.4561 157.14
50.5299 164.051
50.1692 176.045
49.8395 176.232
49.3296 186.766
49.2242 186.689
49.4664 186.662
48.9778 187.456
49.4144 187.283
48.927 187.646
49.2517 187.655
48.697 187.838
48.8394 187.922
48.7085 188.237
48.206 188.672
48.0636 188.844
47.6665 189.306
47.007 189.695
46.2224 190.439
45.499 190.989
45.0593 191.31
44.2342 191.972
43.0547 193.017
42.7984 193.254
41.7389 194.146
40.201 195.261
0 0
0 0
0 0
0 0
31.9597 195.525
32.7088 192.65
34.7511 187.128
35.0827 187.679
37.25 187.606
30.6905 190.039
34.1937 195.227
0 0
0 0
0 0
0 0
0 0
0 0
0 0
0 0
0 0
0 0
0 0
0 0
0 0
0 0
0 0
0 0
0 0
0 0
0 0
0 0
0 0
0 0
0 0
0 0
0 0
0 0
0 0
0 0
0 0
0 0
0 0
0 0
0 0
0 0
0 0
0 0
0 0
0 0
0 0
0 0
0 0
0 0
0 0
0 0
0 0
0 0
67.6958 33.7469
60.0578 33.7469
60.0237 33.7469
59.7814 33.7469
59.485 33.7469
59.3634 33.7469
59.3486 33.7469
59.3395 33.7469
59.3353 33.7469
59.4099 33.7469
59.3272 33.7469
59.3994 33.7469
59.3943 33.7469
59.2487 33.7469
59.2487 33.7469
59.2487 33.7469
59.2487 33.7469
59.1765 33.7469
59.2512 33.7469
59.1791 33.7469
59.1805 33.7469
60.5169 41.4723
60.5955 41.9015
60.5845 42.2973
58.6584 54.4377
56.8252 74.3669
58.2549 80.3379
57.2102 86.4561
57.3272 95.8877
55.9575 100.434
55.2506 105.452
54.8321 111.505
54.3613 117.218
53.671 121.744
53.5595 126.924
53.214 131.163
52.6335 133.61
52.7876 139.553
52.6588 142.581
50.8436 153.653
50.3565 157.791
49.5045 162.038
49.1832 165.661
49.0359 169.142
47.731 178.593
48.1584 187.505
47.4605 188.196
47.3658 188.246
47.2868 188.395
48.13 188.213
47.7981 188.397
48.3205 188.234
47.9204 188.566
47.8996 188.748
47.4852 189.032
0 0
0 0
0 0
0 0
0 0
45.1468 191.267
44.3016 191.828
43.3733 192.761
43.0147 193.149
42.6415 193.579
41.8227 194.367
40.5068 195.254
39.8327 195.811
36.8477 196.757
35.6856 196.636
35.4865 195.534
32.4426 194.65
33.6518 191.714
34.9695 187.266
35.0827 187.679
30.4125 189.628
30.6905 190.039
34.1937 195.227
0 0
0 0
0 0
0 0
0 0
0 0
0 0
0 0
0 0
0 0
0 0
0 0
0 0
0 0
0 0
0 0
0 0
0 0
0 0
0 0
0 0
0 0
0 0
0 0
0 0
0 0
0 0
0 0
0 0
0 0
0 0
0 0
0 0
0 0
0 0
0 0
0 0
0 0
0 0
0 0
0 0
0 0
0 0
0 0
0 0
0 0
0 0
60.9444 33.7469
0 0
0 0
0 0
0 0
59.2622 33.7469
59.3994 33.7469
59.4641 33.7469
59.3848 33.7469
59.4523 33.7469
59.4523 33.7469
59.3802 33.7469
59.3802 33.7469
59.3126 33.7469
59.3848 33.7469
59.3161 33.7469
59.2463 33.7469
60.5415 40.8493
60.5297 41.1477
60.5793 41.4051
61.0809 44.1386
59.4063 61.4063
61.3212 70.9254
60.754 75.8919
61.6923 82.9674
60.0146 89.8391
60.2163 97.1962
60.9212 101.064
59.7396 110.095
59.7503 111.389
59.4128 116.067
59.6038 120.052
59.4797 126.1
59.416 128.468
58.5406 134.071
58.4643 134.907
59.0931 138.996
57.6564 142.684
58.1903 144.33
57.5412 151.506
57.3529 151.859
58.2998 152.939
57.7015 159.618
57.5475 160.053
57.2837 171.801
56.8698 172.208
56.5298 172.75
55.2917 184.193
55.1805 184.142
54.5841 184.847
54.9201 184.682
54.4203 185.113
54.1128 185.702
53.8508 185.742
0 0
0 0
53.3082 186.431
52.9318 186.825
52.7249 187.021
52.3229 187.348
52.0223 187.812
51.8782 188.138
52.1583 188.29
51.9694 188.571
51.5734 189.059
51.2848 189.569
50.1552 190.09
49.6179 190.065
49.1788 189.688
47.8521 189.794
46.974 188.775
46.5833 185.933
44.9717 186.517
45.0994 187.34
37.8498 188.928
34.1937 195.227
34.1937 195.227
0 0
0 0
0 0
0 0
0 0
0 0
0 0
0 0
0 0
0 0
0 0
0 0
0 0
0 0
0 0
0 0
0 0
0 0
0 0
0 0
0 0
0 0
0 0
0 0
0 0
0 0
0 0
0 0
0 0
0 0
0 0
0 0
0 0
0 0
0 0
0 0
0 0
0 0
0 0
0 0
0 0
0 0
0 0
0 0
0 0
0 0
60.6943 33.7469
59.8502 33.7469
59.8396 33.7469
59.5027 33.7469
59.3688 33.7469
59.4273 33.7469
59.4099 33.7469
59.4766 33.7469
59.4703 33.7469
59.4641 33.7469
59.5327 33.7469
59.5327 33.7469
59.4641 33.7469
60.7059 40.9657
60.6482 41.0254
60.6741 41.1477
60.6146 41.2104
60.6677 41.4723
61.139 44.0474
62.4739 50.7911
63.1089 61.0895
61.7235 72.4261
62.2541 76.1309
62.3399 84.5483
0 0
0 0
0 0
0 0
62.1276 114.75
61.551 119.221
61.5175 124.823
61.4531 127.937
0 0
0 0
0 0
61.0658 142.537
60.5065 146.237
60.7195 146.659
60.2192 153.061
59.2935 157.913
59.5533 161.828
58.9842 162.13
58.4708 171.36
59.0525 181.22
59.0222 181.197
59.4815 181.166
59.0936 181.384
59.0122 181.106
57.0495 183.686
56.6991 183.721
56.9426 183.65
55.9231 184.424
55.9054 184.484
55.733 184.822
54.9178 185.553
55.2118 185.411
54.9973 185.676
54.5646 186.058
54.1449 186.219
53.9131 186.431
53.2355 187.003
53.1953 187.288
52.7383 187.658
52.0152 188.293
51.3113 188.776
51.2633 189.15
50.4046 189.69
49.7885 190.341
48.7079 190.602
0 0
0 0
0 0
46.8353 186.706
44.4045 186.975
44.5921 187.707
37.6061 189.348
34.1937 195.227
34.1937 195.227
34.1937 195.227
0 0
0 0
0 0
0 0
0 0
0 0
0 0
0 0
0 0
0 0
0 0
0 0
0 0
0 0
0 0
0 0
0 0
0 0
0 0
0 0
0 0
0 0
0 0
0 0
0 0
0 0
0 0
0 0
0 0
0 0
0 0
0 0
0 0
0 0
0 0
0 0
0 0
0 0
0 0
0 0
0 0
0 0
0 0
0 0
0 0
0 0
0 0
0 0
60.8216 33.7469
59.764 33.7469
59.8312 33.7469
59.7998 33.7469
59.4936 33.7469
59.3583 33.7469
59.4155 33.7469
59.4766 33.7469
59.4641 33.7469
59.4581 33.7469
59.4581 33.7469
59.3848 33.7469
59.3848 33.7469
59.3161 33.7469
59.2439 33.7469
59.2463 33.7469
59.2463 33.7469
60.4833 40.907
59.1778 33.7469
60.5541 41.2742
60.5169 41.4723
60.5683 41.7532
58.7629 53.1445
58.7437 54.2425
58.5402 61.8473
56.1863 71.8587
57.7177 78.2515
56.967 82.6158
57.2607 94.4284
56.7914 98.326
56.7501 99.4792
55.6318 107.474
56.1115 110.095
56.1052 114.595
55.234 119.38
56.2149 123.248
56.0092 127.243
55.5542 132.288
55.8075 135.661
55.1222 138.984
55.3256 142.388
55.0836 148.79
55.296 152.139
55.304 159.264
52.2406 172.275
0 0
0 0
0 0
51.6348 185.992
51.4271 186.453
50.7688 187.077
50.7618 187.174
50.3564 187.644
50.6357 187.449
50.2078 188.08
49.8024 188.274
0 0
0 0
0 0
0 0
46.7507 190.881
45.5761 191.698
44.7192 192.278
43.6389 193.471
42.3664 194.127
40.8016 195.113
0 0
0 0
34.9153 196.221
32.2335 195.674
32.6071 192.578
34.26 188.347
35.6588 188.286
31.4867 191.218
34.1937 195.227
34.1937 195.227
0 0
0 0
0 0
0 0
0 0
0 0
0 0
0 0
0 0
0 0
0 0
0 0
0 0
0 0
0 0
0 0
0 0
0 0
0 0
0 0
0 0
0 0
0 0
0 0
0 0
0 0
0 0
0 0
0 0
0 0
0 0
0 0
0 0
0 0
0 0
0 0
0 0
0 0
0 0
0 0
0 0
0 0
0 0
0 0
0 0
0 0
0 0
60.8216 33.7469
60.0578 33.7469
60.0237 33.7469
59.6916 33.7469
59.3029 33.7469
59.103 33.7469
59.1031 33.7469
59.1031 33.7469
59.2622 33.7469
59.2593 33.7469
59.2593 33.7469
59.2565 33.7469
59.1791 33.7469
59.103 33.7469
59.103 33.7469
59.027 33.7469
60.4462 41.086
60.469 41.2104
60.4072 41.2742
59.0242 33.7469
60.4777 41.6811
60.5291 41.9777
58.6825 53.3193
59.1689 56.7945
58.4645 61.5822
60.7907 71.7169
57.8953 83.4965
58.5796 87.7215
57.9044 93.4415
57.2879 96.0394
57.2714 100.624
57.7159 105.148
56.6863 109.72
56.1052 114.595
56.0017 115.317
56.7165 121.489
56.0152 124.804
55.6265 128.436
56.5479 131.044
55.8075 135.661
55.7879 139.33
55.3256 142.388
55.5109 148.144
55.8018 152.139
52.799 163.033
52.1433 163.925
52.2825 175.627
52.954 185.331
51.7875 186.34
52.0904 185.907
51.6241 186.477
51.496 186.475
50.969 187.295
50.7956 187.283
50.8084 187.682
50.3859 187.828
0 0
0 0
0 0
49.1107 189.227
48.6071 189.636
48.0354 190.01
47.2292 190.784
46.0429 191.848
44.9679 192.624
44.6837 192.981
43.2213 194.281
42.0933 195.284
41.9474 195.023
37.7387 197.539
37.4917 196.339
36.707 195.696
32.9981 195.723
0 0
0 0
0 0
34.1937 195.227
34.1937 195.227
0 0
0 0
0 0
0 0
0 0
0 0
0 0
0 0
0 0
0 0
0 0
0 0
0 0
0 0
0 0
0 0
0 0
0 0
0 0
0 0
0 0
0 0
0 0
0 0
0 0
0 0
0 0
0 0
0 0
0 0
0 0
0 0
0 0
0 0
0 0
0 0
0 0
0 0
0 0
0 0
0 0
0 0
0 0
0 0
0 0
0 0
0 0
0 0
0 0
67.6958 33.7469
60.2488 33.7469
59.6759 33.7469
59.6574 33.7469
59.4378 33.7469
59.2983 33.7469
59.2821 33.7469
59.3583 33.7469
59.2683 33.7469
59.3486 33.7469
59.2652 33.7469
59.344 33.7469
59.3486 33.7469
59.4273 33.7469
59.3486 33.7469
60.8183 41.8266
60.7546 41.9015
61.2521 44.6196
62.6409 51.2476
63.6903 57.101
64.1616 59.6761
64.9327 63.3826
66.0685 69.2831
64.6983 86.5856
65.2135 89.7542
65.0613 97.0036
65.4008 100.228
63.25 108.513
63.6503 111.942
63.4628 117.043
62.6207 119.915
62.898 125.53
63.0528 127.665
62.8891 129.66
62.2825 134.247
63.3949 136.07
62.6712 137.427
63.2818 139.769
62.3561 145.386
62.5209 146.204
62.8864 146.486
61.8459 148.563
62.5984 149.838
62.5984 149.838
62.0113 150.53
62.1901 150.754
62.0113 150.53
62.0113 150.53
62.1901 150.754
61.8038 150.864
61.9827 151.083
61.9827 151.083
61.9829 155.127
60.971 155.617
60.5829 156.191
61.6372 158.421
60.8067 158.912
60.8067 158.912
58.247 166.375
58.247 166.375
58.247 166.375
58.0461 166.272
58.5336 174.631
57.5478 166.581
57.4572 166.506
56.9183 166.506
57.3157 174.739
57.3157 174.739
58.7967 162.663
58.7967 162.663
59.1345 162.23
59.1345 162.23
58.3026 162.069
58.8698 161.762
58.4064 161.577
57.8742 160.912
57.3637 160.845
57.106 160.667
56.5772 159.3
55.6857 158.979
55.0677 158.539
56.0403 157.845
54.7086 157.369
53.8672 169.418
54.5631 156.849
51.1713 184.537
0 0
0 0
0 0
0 0
0 0
0 0
0 0
0 0
46.598 167.516
47.2314 151.605
47.0451 152.228
45.9004 151.396
45.9004 151.396
45.9004 151.396
45.6579 145.436
46.0952 146.425
45.6579 145.436
45.6579 145.436
45.6579 145.436
43.571 132.672
43.571 132.672
43.571 132.672
43.571 132.672
43.571 132.672
43.571 132.672
44.8929 127.252
43.8601 128.551
43.7375 118.678
45.1146 123.561
43.7375 118.678
43.8758 117.568
43.8758 117.568
44.0627 115.207
44.3909 114.076
44.4748 112.976
44.4748 112.976
45.044 111.073
45.044 111.073
44.4748 112.976
44.7644 110.659
44.7644 110.659
45.3585 108.633
45.5036 106.524
46.1116 104.53
46.1116 104.53
46.1116 104.53
46.2771 103.27
47.0478 101.273
47.234 99.9112
46.2771 103.27
47.2808 98.966
47.2808 98.966
46.2771 103.27
46.3351 102.318
47.2808 98.966
47.2808 98.966