63.7818 48.5882 
64.0553 48.1182 
63.964 47.7243 
63.7582 48.698 
63.6855 48.2401 
63.7033 48.2065 
64.1509 49.0578 
63.9941 49.0111 
64.0562 50.228 
64.3748 50.0582 
64.254 51.3834 
63.7654 52.0839 
64.0455 52.3188 
63.4144 53.1824 
63.2822 53.471 
62.9177 54.4755 
62.9139 55.2672 
62.8233 56.6464 
62.839 56.5896 
62.7186 57.8006 
62.7441 56.6723 
62.8447 57.5883 
62.8581 57.6513 
62.9568 56.8116 
62.8155 57.1456 
63.0764 56.3723 
63.142 56.4505 
63.2727 56.2949 
63.3904 56.4917 
63.4359 56.6533 
63.3828 56.3329 
63.3816 56.4896 
63.4276 56.7259 
63.4601 57.6451 
63.5043 59.6127 
63.2365 59.3355 
63.3831 60.0603 
63.1669 61.24 
63.0972 59.9776 
63.1366 62.7429 
63.1553 64.0136 
62.8971 65.0183 
62.5957 68.2561 
63.5389 67.9965 
62.8679 71.185 
62.9067 72.735 
0 0 
0 0 
0 0 
0 0 
62.3972 87.8089 
61.6297 91.9025 
61.4528 96.1543 
61.1005 100.589 
60.7011 106.735 
0 0 
0 0 
0 0 
58.9023 131.881 
58.367 137.705 
57.9693 145.092 
57.3439 153.247 
56.65 159.87 
55.7529 167.121 
55.224 171.865 
54.7242 176.023 
53.3557 179.795 
52.2192 183.155 
51.3711 185.471 
50.8733 186.916 
50.1668 188.551 
49.4201 189.57 
48.3714 191.688 
47.5296 193.14 
46.6524 195.312 
45.8339 197.006 
44.6321 199.247 
43.8806 201.927 
42.9576 204.009 
42.2299 205.138 
42.3784 206.067 
41.7177 207.518 
40.141 208.544 
40.2891 211.043 
36.7308 214.679 
37.0518 214.297 
0 0 
0 0 
0 0 
0 0 
0 0 
0 0 
0 0 
0 0 
0 0 
0 0 
0 0 
0 0 
0 0 
0 0 
0 0 
0 0 
0 0 
0 0 
0 0 
0 0 
0 0 
0 0 
0 0 
0 0 
0 0 
0 0 
0 0 
0 0 
0 0 
0 0 
0 0 
0 0 
0 0 
0 0 
0 0 
0 0 
0 0 
0 0 
0 0 
0 0 
0 0 
0 0 
0 0 
0 0 
0 0 
0 0 
0 0 
0 0 
0 0 
0 0 
0 0 
0 0 
0 0 
0 0 
0 0 
71.0138 28.025 
68.8132 37.4931 
0 0 
0 0 
0 0 
65.1387 38.8031 
64.9381 40.1646 
64.7238 41.2943 
65.0507 42.2641 
65.4971 45.4844 
0 0 
0 0 
0 0 
0 0 
63.9618 53.8157 
63.5291 54.5413 
62.9528 56.042 
0 0 
0 0 
0 0 
0 0 
61.4798 73.0119 
61.5932 74.7655 
61.562 79.7549 
60.8934 84.3903 
60.8503 88.4965 
0 0 
0 0 
0 0 
0 0 
0 0 
0 0 
0 0 
0 0 
54.5483 133.018 
53.2382 139.987 
52.5377 143.027 
0 0 
0 0 
0 0 
50.1677 158.906 
50.0091 162.66 
49.3636 165.311 
49.2904 166.848 
0 0 
0 0 
0 0 
0 0 
0 0 
0 0 
47.6929 180.706 
47.3607 183.216 
47.1758 184.876 
46.9817 185.338 
0 0 
0 0 
0 0 
0 0 
0 0 
0 0 
45.8204 195.212 
45.8914 195.352 
46.0084 196.541 
45.8287 198.112 
45.5217 199.652 
45.4768 200.563 
45.4157 201.563 
45.0061 202.947 
44.538 205.187 
44.3707 206.576 
44.0016 208.29 
43.1881 210.37 
43.2343 211.352 
42.9993 212.591 
43.42 213.541 
43.7529 215.482 
42.8248 213.976 
41.2606 216.178 
38.5509 219.054 
36.1822 218.865 
59.4928 195.227 
0 0 
0 0 
0 0 
0 0 
0 0 
0 0 
0 0 
0 0 
0 0 
0 0 
0 0 
0 0 
0 0 
0 0 
0 0 
0 0 
0 0 
0 0 
0 0 
0 0 
0 0 
0 0 
0 0 
0 0 
0 0 
0 0 
0 0 
0 0 
0 0 
0 0 
0 0 
0 0 
0 0 
0 0 
0 0 
0 0 
0 0 
0 0 
0 0 
0 0 
0 0 
0 0 
0 0 
76.7794 33.7469 
66.7481 37.1841 
66.6038 36.0038 
65.024 36.3892 
64.9804 37.6305 
64.3957 38.7421 
64.4487 39.9668 
64.6197 41.4062 
64.7774 43.7535 
65.4207 45.9264 
65.783 49.7929 
65.7675 52.4666 
65.6552 53.3077 
65.4998 57.3869 
65.089 59.4708 
65.0604 62.6086 
65.1682 65.6425 
65.0095 68.4362 
64.5261 73.2314 
64.6436 76.5964 
64.4692 82.5155 
64.4402 86.1631 
64.3547 91.0416 
64.4836 97.3502 
63.6006 104.978 
62.5233 111.409 
0 0 
0 0 
0 0 
60.0855 136.814 
59.4667 143.313 
0 0 
0 0 
0 0 
0 0 
0 0 
0 0 
0 0 
0 0 
0 0 
0 0 
53.2039 179.171 
53.2286 180.254 
52.5081 181.321 
52.2824 183.21 
52.3737 183.234 
52.1153 183.897 
51.7694 185.632 
51.5231 186.281 
51.3034 186.425 
51.0386 187.031 
51.0861 187.588 
0 0 
0 0 
50.1717 189.734 
49.7834 190.989 
49.3607 191.839 
49.1718 192.334 
49.0015 192.966 
48.5858 194.234 
48.5581 195.492 
48.2775 196.861 
48.2226 197.556 
47.8706 199.205 
47.5932 200.911 
47.3746 201.267 
46.5857 203.684 
46.3714 205.016 
45.9946 205.789 
45.2007 207.717 
0 0 
0 0 
0 0 
0 0 
44.2866 211.592 
42.6612 212.966 
44.4161 206.841 
52.5929 190.208 
53.9077 195.227 
0 0 
0 0 
0 0 
0 0 
0 0 
0 0 
0 0 
0 0 
0 0 
0 0 
0 0 
0 0 
0 0 
0 0 
0 0 
0 0 
0 0 
0 0 
0 0 
0 0 
0 0 
0 0 
0 0 
0 0 
0 0 
0 0 
0 0 
0 0 
0 0 
0 0 
0 0 
0 0 
0 0 
0 0 
0 0 
0 0 
0 0 
0 0 
0 0 
0 0 
0 0 
0 0 
0 0 
76.7794 33.7469 
65.4035 34.1256 
67.2592 36.8284 
65.6829 37.2025 
64.9969 37.5768 
64.6663 39.9731 
0 0 
0 0 
0 0 
65.5624 48.1305 
65.8145 52.7022 
65.8634 53.8201 
65.9015 58.0698 
65.6459 61.0864 
65.6269 66.65 
64.8183 70.7599 
64.4813 74.9262 
63.9366 78.985 
63.5973 83.6899 
62.8014 88.5208 
62.3579 94.8082 
61.4408 100.951 
0 0 
0 0 
0 0 
0 0 
56.9397 132.605 
56.0508 139.609 
55.5629 144.601 
54.9357 151.029 
53.9759 158.313 
0 0 
0 0 
0 0 
0 0 
0 0 
50.4516 178.998 
50.2239 181.585 
0 0 
0 0 
0 0 
48.8313 186.116 
48.918 187.331 
48.8858 187.546 
48.4877 188.843 
48.5232 189.084 
47.7549 189.892 
47.5839 191.423 
47.3277 191.204 
47.3682 191.866 
47.0602 192.794 
0 0 
0 0 
0 0 
0 0 
46.0734 195.849 
0 0 
0 0 
0 0 
0 0 
0 0 
0 0 
42.7097 204.057 
42.6993 205.341 
42.2774 206.377 
40.9564 208.904 
40.7642 209.574 
39.9054 211.503 
39.7069 212.544 
39.0631 213.367 
39.2883 214.934 
39.2747 216.067 
38.5631 218.353 
36.0382 220.114 
36.8054 219.125 
31.7832 223.121 
34.5805 220.441 
0 0 
0 0 
0 0 
0 0 
0 0 
0 0 
0 0 
0 0 
0 0 
0 0 
0 0 
0 0 
0 0 
0 0 
0 0 
0 0 
0 0 
0 0 
0 0 
0 0 
0 0 
0 0 
0 0 
0 0 
0 0 
0 0 
0 0 
0 0 
0 0 
0 0 
0 0 
0 0 
0 0 
0 0 
0 0 
0 0 
0 0 
0 0 
0 0 
0 0 
0 0 
0 0 
0 0 
0 0 
0 0 
0 0 
67.6102 37.3631 
67.4006 37.2678 
65.1216 36.8373 
64.5193 39.1297 
64.361 39.4375 
64.2395 40.3277 
64.473 42.2785 
0 0 
0 0 
65.7754 52.9786 
65.5878 53.919 
65.1715 54.9626 
64.5492 57.895 
64.4364 60.8544 
64.0552 62.0962 
63.9711 66.7645 
63.6407 68.0933 
63.5144 70.2835 
63.694 72.3938 
63.5967 75.7683 
63.6119 78.3191 
63.622 81.1902 
62.6886 86.6476 
62.872 90.2633 
62.3881 94.4854 
62.0684 99.5172 
61.0584 105.348 
59.9925 111.132 
59.3884 113.272 
58.6895 117.823 
58.3769 121.079 
57.5617 125.818 
56.5989 129.013 
56.3169 132.616 
55.7213 134.905 
55.482 139.439 
54.6851 143.676 
54.5803 145.824 
53.653 148.649 
53.0551 151.86 
52.1809 156.308 
51.9544 157.591 
51.2543 160.882 
50.5707 163.537 
50.6042 166.121 
0 0 
0 0 
0 0 
0 0 
0 0 
0 0 
0 0 
46.8974 186.115 
46.6856 188.199 
46.3151 191.574 
45.681 192.621 
45.365 194.767 
45.1368 195.791 
45.006 197.053 
44.6139 198.624 
44.5029 199.482 
0 0 
0 0 
0 0 
0 0 
0 0 
40.7683 209.167 
40.1411 210.486 
0 0 
0 0 
0 0 
38.5525 212.457 
38.9935 214.053 
37.9405 213.492 
38.5348 210.068 
36.4813 203.325 
42.1971 195.227 
0 0 
0 0 
0 0 
0 0 
0 0 
0 0 
0 0 
0 0 
0 0 
0 0 
0 0 
0 0 
0 0 
0 0 
0 0 
0 0 
0 0 
0 0 
0 0 
0 0 
0 0 
0 0 
0 0 
0 0 
0 0 
0 0 
0 0 
0 0 
0 0 
0 0 
0 0 
0 0 
0 0 
0 0 
0 0 
0 0 
0 0 
0 0 
0 0 
0 0 
0 0 
0 0 
0 0 
0 0 
0 0 
0 0 
0 0 
66.2029 35.7463 
65.3566 36.4245 
65.0804 38.1987 
64.6878 39.5335 
64.6574 41.2692 
64.8741 43.4677 
64.9626 46.183 
65.3633 51.0196 
65.238 52.4097 
64.9678 53.2367 
64.4838 55.1724 
64.1885 57.5118 
63.9964 61.6067 
63.6382 63.5652 
63.8197 65.6447 
63.6077 68.0105 
63.7172 71.6736 
63.4496 74.3606 
63.5025 78.4902 
63.3807 82.4445 
63.468 87.9805 
63.8052 90.9679 
63.2452 96.3151 
63.0044 101.877 
62.3873 107.672 
61.861 113.1 
61.027 118.978 
60.1503 124.504 
60.1252 127.034 
59.1718 132.576 
58.9504 137.5 
58.4471 142.06 
58.0049 144.437 
57.6909 148.716 
57.8601 152.934 
57.0689 158.198 
56.52 161.779 
56.067 163.106 
56.0151 166.126 
56.015 167.351 
55.55 169.572 
55.0599 170.458 
55.0922 172.785 
54.9897 173.426 
54.3116 175.217 
54.3795 176.405 
53.9691 178.399 
53.2286 179.725 
52.9707 181.921 
52.6507 183.871 
52.2486 185.589 
51.682 187.113 
51.2714 188.05 
51.089 189.53 
50.4556 191.234 
50.2364 192.185 
49.7486 193.662 
49.4507 194.478 
49.1877 195.587 
48.8338 196.732 
48.56 198.418 
0 0 
0 0 
0 0 
47.5215 204.041 
46.987 205.849 
46.5517 207.036 
0 0 
0 0 
0 0 
0 0 
0 0 
47.481 208.795 
49.2609 205.279 
49.5889 191.028 
53.9077 195.227 
0 0 
0 0 
0 0 
0 0 
0 0 
0 0 
0 0 
0 0 
0 0 
0 0 
0 0 
0 0 
0 0 
0 0 
0 0 
0 0 
0 0 
0 0 
0 0 
0 0 
0 0 
0 0 
0 0 
0 0 
0 0 
0 0 
0 0 
0 0 
0 0 
0 0 
0 0 
0 0 
0 0 
0 0 
0 0 
0 0 
0 0 
0 0 
0 0 
0 0 
0 0 
0 0 
0 0 
0 0 
67.8467 29.5509 
66.4846 35.6173 
65.2394 35.5832 
64.1593 36.9511 
64.0654 38.6692 
63.9994 40.4389 
64.0586 42.5681 
64.2177 44.8239 
64.934 48.234 
65.398 52.0131 
65.4443 53.2341 
65.198 54.9187 
64.2481 57.5488 
64.1644 60.8526 
64.0525 62.8706 
63.8773 64.6887 
64.0653 65.9354 
63.5688 70.0428 
63.3051 71.8488 
63.1255 75.0055 
63.2218 79.5257 
63.2203 82.0627 
62.9883 86.0793 
62.7032 90.395 
62.422 95.7355 
62.0202 100.781 
61.5998 106.797 
60.8855 112.596 
60.1492 116.672 
58.9757 121.713 
58.4519 126.059 
57.959 129.403 
57.2796 133.209 
56.894 138.75 
56.3713 141.735 
55.9336 144.289 
55.269 148.977 
54.9243 151.879 
54.2165 155.993 
53.2789 159.013 
53.0564 162.249 
52.727 163.765 
51.9252 168.833 
51.0008 170.69 
51.081 172.935 
50.2576 175.216 
50.0374 177.664 
49.7019 180.52 
49.3546 182.16 
49.1577 183.865 
48.5568 185.776 
48.3738 186.852 
47.8956 189.8 
47.4371 192.582 
46.782 193.662 
46.3954 195.072 
45.9208 196.617 
45.3623 197.412 
44.4682 199.457 
43.8285 200.439 
43.3199 202.024 
42.899 203.177 
42.4314 203.993 
42.0171 204.98 
41.6406 206.081 
40.8496 208.212 
40.1161 209.033 
39.3 210.175 
38.568 210.481 
38.2117 211.152 
37.4033 211.381 
38.0938 211.374 
38.4083 209.883 
40.0034 203.923 
38.2685 200.509 
38.0104 191.27 
42.1971 195.227 
0 0 
0 0 
0 0 
0 0 
0 0 
0 0 
0 0 
0 0 
0 0 
0 0 
0 0 
0 0 
0 0 
0 0 
0 0 
0 0 
0 0 
0 0 
0 0 
0 0 
0 0 
0 0 
0 0 
0 0 
0 0 
0 0 
0 0 
0 0 
0 0 
0 0 
0 0 
0 0 
0 0 
0 0 
0 0 
0 0 
0 0 
0 0 
0 0 
0 0 
0 0 
0 0 
0 0 
0 0 
76.7794 33.7469 
67.3464 38.4855 
67.1792 37.4157 
66.6226 38.2607 
65.2568 38.5224 
64.3728 38.9093 
64.1211 40.69 
64.1087 42.9227 
63.975 44.6041 
64.5704 47.1068 
64.9308 51.4316 
64.9258 53.3119 
64.5249 54.2068 
64.0846 56.7364 
63.9361 60.0446 
63.4149 63.4559 
63.8471 65.3787 
63.2566 69.2506 
63.5528 71.6483 
63.6214 74.6023 
63.7547 79.5551 
63.6557 83.493 
63.3009 87.153 
62.7561 94.741 
62.5941 99.4842 
62.8299 103.422 
62.4452 109.678 
61.2842 116.431 
60.9521 121.737 
60.0287 127.431 
59.6287 131.746 
58.2716 139.347 
57.7173 144.712 
57.6178 149.673 
57.0437 152.827 
56.3799 158.172 
55.8212 162.032 
55.1039 166.331 
54.2976 170.349 
54.2713 170.983 
53.6319 173.558 
53.0457 174.938 
52.3251 178.356 
52.0656 179.51 
51.8116 180.761 
51.4812 181.819 
50.9077 185.007 
50.5355 186.184 
50.3269 186.909 
49.9213 188.048 
49.5189 190.045 
49.2039 191.208 
48.8464 192.164 
48.4089 193.312 
47.9542 193.988 
47.6832 195.306 
47.1599 196.006 
46.8395 197.14 
46.3894 198.691 
45.9999 199.629 
45.8255 200.806 
45.0793 202.618 
45.1024 203.666 
44.9321 204.628 
44.6721 205.867 
44.0521 207.06 
43.199 208.157 
42.8385 208.729 
42.8631 209.003 
42.965 208.871 
43.2486 209.087 
43.9714 209.018 
43.8938 209.39 
44.1759 206.14 
43.3298 197.767 
40.4841 195.227 
59.4928 195.227 
0 0 
0 0 
0 0 
0 0 
0 0 
0 0 
0 0 
0 0 
0 0 
0 0 
0 0 
0 0 
0 0 
0 0 
0 0 
0 0 
0 0 
0 0 
0 0 
0 0 
0 0 
0 0 
0 0 
0 0 
0 0 
0 0 
0 0 
0 0 
0 0 
0 0 
0 0 
0 0 
0 0 
0 0 
0 0 
0 0 
0 0 
0 0 
0 0 
0 0 
0 0 
0 0 
76.7794 33.7469 
65.5254 33.016 
66.9896 35.5627 
65.4926 36.6098 
64.3948 37.1008 
63.8538 38.6693 
63.6392 39.9902 
63.3461 41.2617 
63.349 42.7042 
63.7828 44.4757 
64.3388 49.076 
65.0075 52.7311 
64.7223 53.724 
64.4144 54.8124 
64.0768 56.1554 
63.8648 58.8589 
63.8143 60.9859 
64.0822 64.0593 
63.9854 64.9424 
63.8734 68.4112 
63.7969 71.1831 
64.2357 74.8017 
64.6388 78.3538 
64.0924 82.8263 
64.3473 87.4446 
64.7924 91.0655 
64.6641 95.7676 
64.4258 101.168 
63.3359 107.471 
62.9337 113.825 
62.7733 118.95 
62.2083 123.518 
61.6244 127.487 
61.4625 132.154 
61.4401 137.555 
61.2577 140.304 
60.6539 145.2 
60.368 147.816 
59.9366 152.648 
58.9063 155.69 
58.2172 159.806 
56.9653 162.184 
56.6543 165.185 
56.3089 166.694 
55.7966 169.584 
55.1301 170.917 
54.6515 174.578 
54.3212 176.735 
53.1092 179.805 
52.6104 180.958 
52.0023 183.347 
51.8427 184.888 
51.3513 186.064 
50.8677 188.884 
50.5278 190.001 
50.0191 191.662 
49.2236 193.154 
48.9271 193.968 
48.0118 195.86 
47.7788 195.887 
47.0576 197.6 
46.719 198.605 
46.06 200.103 
45.3666 201.461 
45.1042 202.82 
45.1869 204.285 
44.9096 205.706 
44.2452 207.342 
43.7043 208.365 
43.291 209.017 
42.9021 209.402 
42.5317 210.072 
42.5174 210.358 
43.2241 209.882 
43.8825 210.361 
44.766 208.847 
43.6765 201.458 
47.5732 192.191 
42.1971 195.227 
0 0 
0 0 
0 0 
0 0 
0 0 
0 0 
0 0 
0 0 
0 0 
0 0 
0 0 
0 0 
0 0 
0 0 
0 0 
0 0 
0 0 
0 0 
0 0 
0 0 
0 0 
0 0 
0 0 
0 0 
0 0 
0 0 
0 0 
0 0 
0 0 
0 0 
0 0 
0 0 
0 0 
0 0 
0 0 
0 0 
0 0 
0 0 
0 0 
0 0 
0 0 
0 0 
0 0 
0 0 
66.6459 36.0624 
66.4515 37.3501 
65.0902 36.3529 
64.5514 38.2848 
64.1284 39.8442 
63.9091 41.7665 
63.4951 43.0683 
63.9116 44.7187 
64.5055 48.8816 
65.1117 51.9368 
65.1343 53.4884 
64.6954 54.6976 
64.8292 57.0082 
64.3237 59.6603 
64.6517 62.7862 
64.8618 65.2718 
64.9967 67.8995 
65.0581 69.8896 
64.3286 74.5134 
65.097 77.2066 
65.0957 80.8704 
65.1501 85.6982 
64.9447 90.8272 
65.2728 95.6161 
64.6419 101.032 
63.7356 107.248 
63.6192 110.872 
63.0176 115.96 
62.1128 121.926 
61.6601 125.704 
61.0527 129.381 
60.87 135.831 
60.36 138.87 
60.3903 143.342 
59.6033 146.832 
58.8566 149.359 
58.1301 153.788 
57.8615 157.23 
56.7525 160.511 
56.4416 162.48 
56.0132 163.752 
55.5673 167.257 
55.4447 169.967 
54.9088 172.853 
54.427 174.297 
53.5067 177.569 
53.0728 179.213 
52.9641 181.249 
52.5858 182.543 
52.1054 186.428 
51.7981 186.976 
51.0652 189.533 
50.6839 190.44 
50.4364 192.29 
50.1892 193.008 
49.8441 193.925 
49.6314 194.887 
49.3583 196.468 
49.1273 197.527 
49.2868 198.707 
49.3017 199.495 
49.0857 200.698 
48.4612 202.321 
47.6564 205.356 
46.9409 206.294 
46.2427 207.192 
45.8567 208.942 
45.5218 210.038 
44.9924 210.48 
45.7811 210.789 
45.678 211.311 
46.9406 209.557 
44.5102 204.397 
53.1585 192.754 
53.9077 195.227 
0 0 
0 0 
0 0 
0 0 
0 0 
0 0 
0 0 
0 0 
0 0 
0 0 
0 0 
0 0 
0 0 
0 0 
0 0 
0 0 
0 0 
0 0 
0 0 
0 0 
0 0 
0 0 
0 0 
0 0 
0 0 
0 0 
0 0 
0 0 
0 0 
0 0 
0 0 
0 0 
0 0 
0 0 
0 0 
0 0 
0 0 
0 0 
0 0 
0 0 
0 0 
0 0 
0 0 
65.6222 32.0459 
66.6153 36.1008 
65.9594 36.1795 
65.1078 37.3534 
64.318 38.002 
64.062 39.857 
63.9467 40.7486 
63.6497 43.1457 
63.9722 44.6581 
64.5091 47.2666 
64.7703 50.0353 
64.8379 52.57 
64.6088 53.4163 
64.5946 53.7665 
64.5473 54.9298 
64.4056 56.2682 
64.6971 58.9165 
64.7058 62.0992 
0 0 
65.1329 66.4336 
65.2507 68.4984 
65.5498 72.2926 
65.6491 74.9635 
65.8262 78.9942 
66.1393 82.3091 
65.7902 86.3782 
65.9457 91.1858 
65.6183 95.8774 
65.6021 99.0215 
64.4459 106.76 
64.5925 109.333 
63.828 113.778 
63.4964 117.901 
62.8342 121.653 
62.9821 124.327 
62.1695 128.271 
62.096 130.965 
61.8186 134.298 
61.2172 137.442 
61.0909 139.871 
60.4139 142.063 
60.0421 144.327 
59.5227 146.495 
59.3612 149.813 
59.1592 152.963 
58.6504 155.135 
57.9486 159.44 
57.4645 162.69 
56.9317 164.372 
56.1289 168.648 
0 0 
0 0 
0 0 
54.1816 180.918 
53.8732 183.871 
0 0 
0 0 
52.7154 189.497 
52.3069 191.217 
52.0562 192.131 
51.4346 193.636 
50.7471 195.559 
50.3103 196.525 
49.854 198.396 
49.4613 199.684 
48.6302 202.008 
47.5885 203.895 
46.777 205.538 
46.0547 206.49 
45.0427 208.24 
44.9715 208.93 
44.318 209.597 
44.1421 210.335 
44.4113 211.016 
43.7579 210.42 
44.5919 200.222 
52.7866 191.617 
50.594 191.308 
59.4928 195.227 
0 0 
0 0 
0 0 
0 0 
0 0 
0 0 
0 0 
0 0 
0 0 
0 0 
0 0 
0 0 
0 0 
0 0 
0 0 
0 0 
0 0 
0 0 
0 0 
0 0 
0 0 
0 0 
0 0 
0 0 
0 0 
0 0 
0 0 
0 0 
0 0 
0 0 
0 0 
0 0 
0 0 
0 0 
0 0 
0 0 
0 0 
0 0 
0 0 
0 0 
0 0 
0 0 
0 0 
0 0 
0 0 
0 0 
65.4035 34.1256 
66.6686 37.3391 
66.0918 36.2732 
65.0748 37.5773 
64.39 37.9766 
63.9821 39.2788 
63.7307 40.4496 
63.7912 42.2782 
63.807 43.2379 
64.1468 45.0706 
64.3502 46.1658 
64.3652 47.5943 
64.3253 49.1514 
0 0 
0 0 
0 0 
63.5484 53.9714 
63.6079 53.9646 
63.6861 55.2225 
63.5812 55.795 
63.6063 56.4861 
63.3722 58.7542 
63.4974 59.7955 
63.6922 62.8304 
63.7157 63.911 
63.5851 67.5398 
63.7926 71.1116 
63.5317 74.8798 
63.0883 78.0036 
62.4131 82.6732 
61.6936 87.7075 
61.685 89.5884 
60.8954 96.4949 
60.8233 97.5568 
60.0722 103.409 
60.257 104.86 
59.8789 111.188 
59.3008 114.278 
58.7797 119.161 
58.132 122.963 
57.9162 125.45 
57.53 129.577 
57.1839 132.092 
56.8114 136.655 
56.6012 141.525 
55.9679 145.583 
55.6401 148.976 
55.2538 154.057 
54.5828 162.289 
53.791 165.593 
53.297 168.75 
52.3964 173.398 
52.2039 176.85 
51.5304 179.955 
51.4175 182.394 
51.0262 186.289 
51.0447 188.168 
50.8323 190.637 
50.6071 192.453 
50.455 193.514 
50.211 194.673 
49.6739 196.703 
49.515 198.336 
49.4637 199.174 
48.3759 202.375 
47.4169 204.211 
46.6111 205.991 
45.8079 207.21 
45.2749 208.794 
44.6362 209.312 
44.9369 210.25 
44.3759 211.466 
44.8976 211.193 
45.1716 200.263 
49.1429 197.88 
54.8933 195.227 
0 0 
0 0 
0 0 
0 0 
0 0 
0 0 
0 0 
0 0 
0 0 
0 0 
0 0 
0 0 
0 0 
0 0 
0 0 
0 0 
0 0 
0 0 
0 0 
0 0 
0 0 
0 0 
0 0 
0 0 
0 0 
0 0 
0 0 
0 0 
0 0 
0 0 
0 0 
0 0 
0 0 
0 0 
0 0 
0 0 
0 0 
0 0 
0 0 
0 0 
0 0 
0 0 
0 0 
0 0 
0 0 
71.0138 28.025 
67.3723 37.3669 
65.763 35.6847 
65.1316 37.9212 
64.178 38.0311 
63.8474 39.0934 
63.6562 40.1113 
0 0 
0 0 
0 0 
64.3182 47.9698 
64.4015 49.9399 
64.2285 52.7395 
64.039 53.5954 
63.5296 54.6293 
63.6171 55.7512 
63.5843 56.3664 
63.5908 57.6517 
63.2633 59.6554 
63.4955 61.6787 
63.5786 63.3364 
63.5355 66.4968 
63.6867 69.842 
63.7199 73.5782 
63.8044 77.5104 
63.2641 82.6217 
63.1148 86.2156 
62.7308 91.8889 
61.8905 97.0835 
61.0617 102.361 
60.7362 108.009 
60.2342 112.406 
59.9161 115.523 
0 0 
0 0 
0 0 
0 0 
57.0339 135.538 
56.8037 140.791 
56.3607 143.213 
56.044 145.214 
55.2603 148.297 
55.076 150.664 
54.7301 152.977 
54.3172 157.415 
53.844 160.052 
53.3207 166.622 
53.0656 168.575 
52.1622 172.242 
51.7739 174.181 
51.3036 176.855 
50.8501 179.262 
50.5186 183.085 
49.9578 185.847 
49.5338 188.727 
49.3476 191.585 
48.9974 193.253 
48.845 194.823 
48.5657 196.011 
48.1386 197.804 
47.6968 199.531 
47.5077 200.612 
46.7486 203.782 
46.2913 204.995 
45.4998 206.475 
44.5892 208.37 
43.5939 210.319 
42.689 211.856 
42.3737 212.887 
41.7567 213.303 
42.0883 214.653 
42.9276 214.63 
42.0414 212.737 
44.1372 201.59 
44.2726 195.227 
59.4928 195.227 
0 0 
0 0 
0 0 
0 0 
0 0 
0 0 
0 0 
0 0 
0 0 
0 0 
0 0 
0 0 
0 0 
0 0 
0 0 
0 0 
0 0 
0 0 
0 0 
0 0 
0 0 
0 0 
0 0 
0 0 
0 0 
0 0 
0 0 
0 0 
0 0 
0 0 
0 0 
0 0 
0 0 
0 0 
0 0 
0 0 
0 0 
0 0 
0 0 
0 0 
0 0 
0 0 
0 0 
0 0 
64.9821 36.3224 
65.5782 36.1159 
64.7633 37.2921 
64.075 37.8681 
63.7785 38.7578 
63.4921 40.4574 
63.2549 42.2987 
63.4082 43.5281 
64.0514 46.141 
64.0765 47.4975 
63.8863 50.4286 
64.1815 50.5177 
0 0 
0 0 
0 0 
63.549 55.4431 
63.539 56.8826 
63.6013 56.2826 
63.577 57.7619 
0 0 
0 0 
0 0 
0 0 
0 0 
64.2029 77.9454 
64.1222 80.6839 
63.9002 86.1789 
62.9886 92.4469 
62.6725 95.495 
61.6168 101.66 
61.2149 104.749 
60.8648 110.318 
60.3577 113.898 
60.0796 116.404 
59.3966 121.388 
58.7205 124.473 
58.2534 127.145 
57.7484 130.519 
57.3666 133.264 
56.8581 135.395 
56.5201 139.075 
56.0342 141.407 
55.5398 146.118 
55.3457 148.081 
54.5992 152.108 
53.5661 157.23 
53.1187 160.795 
52.7543 164.775 
52.2477 168.789 
51.5299 171.928 
51.1289 175.599 
50.8663 178.106 
50.0877 181.586 
49.5295 184.722 
49.1825 186.687 
48.6708 190.608 
48.0122 193.41 
47.6917 195.451 
46.837 197.629 
46.3945 198.712 
46.0008 200.007 
45.2124 202.177 
44.8132 203.09 
44.1098 204.681 
43.1656 206.404 
41.9514 208.648 
41.0659 210.242 
39.7977 211.559 
39.0272 212.586 
38.638 212.893 
38.1605 213.425 
39.759 213.947 
39.3228 212.765 
38.4583 204.583 
40.5948 205.179 
42.1971 195.227 
0 0 
0 0 
0 0 
0 0 
0 0 
0 0 
0 0 
0 0 
0 0 
0 0 
0 0 
0 0 
0 0 
0 0 
0 0 
0 0 
0 0 
0 0 
0 0 
0 0 
0 0 
0 0 
0 0 
0 0 
0 0 
0 0 
0 0 
0 0 
0 0 
0 0 
0 0 
0 0 
0 0 
0 0 
0 0 
0 0 
0 0 
0 0 
0 0 
0 0 
0 0 
0 0 
0 0 
0 0 
0 0 
0 0 
0 0 
0 0 
0 0 
72.9099 24.7553 
65.8016 38.4116 
66.2285 36.6899 
65.4361 38.6277 
64.5339 38.5109 
64.0553 39.8206 
63.8857 41.1567 
63.4475 42.3293 
63.3684 43.8096 
63.9721 45.7471 
64.0914 47.322 
64.2734 48.689 
64.5632 49.9719 
64.7261 51.9901 
64.4618 53.4146 
64.5302 55.0195 
64.4521 55.7515 
64.063 57.5529 
63.9712 58.3597 
63.8886 60.2459 
64.1983 63.1462 
64.5334 64.8207 
64.2548 67.4657 
65.0243 69.8556 
64.6405 74.1137 
65.4927 76.9906 
65.2126 80.7089 
65.0884 84.2389 
65.1571 88.114 
64.7811 92.5195 
64.3669 96.093 
63.1288 103.325 
62.8572 106.968 
62.4879 110.516 
61.5786 114.891 
61.4981 118.092 
60.9026 120.898 
60.3858 123.949 
60.1659 127.364 
59.7129 130.081 
59.1112 134.127 
58.7804 137.261 
58.665 140.057 
57.9327 143.644 
57.5317 145.933 
57.106 150.526 
56.6687 153.682 
55.9769 158.393 
55.2174 163.349 
54.2112 166.713 
53.9132 170.1 
53.0232 174.342 
52.3226 177.828 
51.8828 181.218 
51.2399 183.797 
51.1995 187.781 
50.3874 190.233 
49.9872 192.152 
49.3624 193.209 
49.08 194.53 
48.7909 196.207 
48.4376 197.902 
48.1271 199.213 
48.1284 200.764 
48.3313 201.693 
46.8338 205.201 
46.1901 206.283 
45.1674 208.182 
44.1945 210.138 
43.4964 211.602 
43.0554 212.418 
43.216 212.057 
42.5881 214.045 
42.8743 213.272 
43.1038 212.146 
44.0299 203.904 
41.8292 195.227 
59.4928 195.227 
0 0 
0 0 
0 0 
0 0 
0 0 
0 0 
0 0 
0 0 
0 0 
0 0 
0 0 
0 0 
0 0 
0 0 
0 0 
0 0 
0 0 
0 0 
0 0 
0 0 
0 0 
0 0 
0 0 
0 0 
0 0 
0 0 
0 0 
0 0 
0 0 
0 0 
0 0 
0 0 
0 0 
0 0 
0 0 
0 0 
0 0 
0 0 
0 0 
0 0 
0 0 
0 0 
0 0 
76.7794 33.7469 
65.4035 34.1256 
66.6745 36.9222 
64.599 36.5013 
64.3378 38.6144 
64.0523 38.9641 
63.6385 40.7846 
63.6149 42.0754 
63.3219 43.4521 
63.728 45.9127 
64.0891 47.9159 
64.162 50.8132 
63.8335 52.9362 
63.7175 52.6651 
63.6266 54.7191 
63.4185 55.8085 
63.5958 57.0192 
63.572 57.9601 
63.6289 60.3694 
63.7511 61.3023 
64.1149 64.8466 
64.4525 66.721 
64.3684 69.4789 
64.7648 73.5502 
64.5084 76.6792 
64.884 81.3922 
64.7788 85.1465 
65.0385 88.4578 
64.3982 92.7986 
63.7777 99.07 
63.2698 103.675 
62.4129 110.181 
62.0441 114.883 
61.9491 117.527 
61.107 122.45 
60.644 125.727 
60.084 129.58 
59.6808 132.446 
58.9893 136.515 
58.9297 139.888 
58.6763 143.121 
58.0862 146.207 
57.8305 150.264 
57.8811 153.536 
56.6841 158.522 
55.8605 161.684 
54.9304 166.68 
55.1138 169.146 
54.5409 173.155 
54.315 176.046 
53.4758 178.686 
53.1808 181.354 
53.0128 183.37 
52.5257 186.116 
52.1447 188.501 
51.5579 190.603 
50.9907 192.219 
50.6228 193.09 
49.9841 194.752 
49.7347 195.282 
49.27 196.816 
49.0834 198.147 
48.5974 199.615 
48.2508 200.453 
47.6055 202.909 
47.1292 204.459 
46.4805 205.676 
45.7017 207.25 
44.5463 208.517 
43.6475 210.003 
42.7467 211.151 
42.3762 211.467 
41.6221 210.977 
40.9573 211.899 
42.6524 211.505 
42.5727 208.793 
45.1908 200.293 
42.3405 194.829 
40.0629 195.227 
0 0 
0 0 
0 0 
0 0 
0 0 
0 0 
0 0 
0 0 
0 0 
0 0 
0 0 
0 0 
0 0 
0 0 
0 0 
0 0 
0 0 
0 0 
0 0 
0 0 
0 0 
0 0 
0 0 
0 0 
0 0 
0 0 
0 0 
0 0 
0 0 
0 0 
0 0 
0 0 
0 0 
0 0 
0 0 
0 0 
0 0 
0 0 
0 0 
0 0 
0 0 
0 0 
0 0 
0 0 
0 0 
0 0 
0 0 
0 0 
0 0 
0 0 
0 0 
64.0535 40.864 
63.8318 42.2853 
63.9872 44.519 
64.8053 47.7232 
64.926 51.8106 
64.6003 53.4602 
64.6411 55.4989 
64.1676 62.4788 
64.0939 64.753 
0 0 
0 0 
0 0 
0 0 
0 0 
0 0 
0 0 
62.1539 89.5036 
61.974 92.3906 
61.8978 96.1585 
61.2926 99.4595 
60.9942 103.444 
60.7001 107.323 
59.8319 112.188 
59.5491 114.186 
59.1491 117.127 
58.3597 122.43 
58.4216 123.826 
57.9365 125.438 
57.4907 127.974 
56.7909 130.198 
56.211 133.544 
55.7998 134.485 
55.106 139.089 
54.9335 140.895 
54.3595 142.483 
54.3048 143.609 
0 0 
0 0 
0 0 
53.2508 149.341 
52.7565 151.112 
52.4989 153.571 
52.2596 155.343 
51.5908 159.671 
51.3954 161.183 
51.2686 161.614 
50.9682 166.594 
50.7785 167.899 
50.3572 170.416 
49.9393 173.121 
49.4827 175.183 
49.0547 176.747 
48.555 179.331 
0 0 
0 0 
0 0 
46.9287 188.836 
46.1799 191.402 
46.2049 193.051 
45.8211 195.757 
45.9482 197.859 
45.4829 201.421 
44.9552 203.637 
44.3989 205.002 
43.8784 206.083 
43.5969 207.707 
42.7348 208.567 
41.4285 211.127 
40.4202 212.471 
39.1136 214.231 
38.574 215.393 
38.1341 216.409 
0 0 
0 0 
0 0 
36.6809 219.476 
33.9054 215.017 
41.3371 218.865 
0 0 
0 0 
0 0 
0 0 
0 0 
0 0 
0 0 
0 0 
0 0 
0 0 
0 0 
0 0 
0 0 
0 0 
0 0 
0 0 
0 0 
0 0 
0 0 
0 0 
0 0 
0 0 
0 0 
0 0 
0 0 
0 0 
0 0 
0 0 
0 0 
0 0 
0 0 
0 0 
0 0 
0 0 
0 0 
0 0 
0 0 
0 0 
0 0 
0 0 
0 0 
0 0 
0 0 
0 0 
0 0 
50.5103 33.7469 
64.6101 51.5641 
0 0 
0 0 
0 0 
0 0 
0 0 
61.9074 67.0745 
61.6853 68.0364 
0 0 
0 0 
0 0 
0 0 
59.6004 71.8349 
59.2837 73.0645 
59.4684 71.4783 
59.2326 74.1501 
59.9233 72.9133 
59.6224 74.5683 
59.8248 74.7829 
60.1869 73.9122 
60.2785 74.4308 
60.2597 72.9868 
59.9891 73.1652 
60.2122 73.0872 
59.5933 75.8674 
59.7952 74.9149 
59.6513 77.0899 
59.5318 78.733 
0 0 
0 0 
0 0 
59.7549 79.8495 
0 0 
0 0 
0 0 
0 0 
0 0 
0 0 
0 0 
0 0 
59.3936 77.9632 
59.5832 77.0724 
59.4329 77.6179 
0 0 
0 0 
0 0 
0 0 
60.2909 68.3255 
60.0408 68.7838 
60.4504 65.2399 
0 0 
0 0 
0 0 
0 0 
0 0 
0 0 
0 0 
0 0 
0 0 
0 0 
63.6385 39.7445 
64.9951 33.7469 
0 0 
0 0 
0 0 
0 0 
0 0 
0 0 
0 0 
0 0 
0 0 
0 0 
0 0 
0 0 
0 0 
0 0 
0 0 
0 0 
0 0 
0 0 
0 0 
0 0 
0 0 
0 0 
0 0 
0 0 
0 0 
0 0 
0 0 
0 0 
0 0 
0 0 
0 0 
0 0 
0 0 
0 0 
0 0 
0 0 
0 0 
0 0 
0 0 
0 0 
0 0 
0 0 
0 0 
0 0 
0 0 
0 0 
0 0 
0 0 
0 0 
0 0 
63.4603 44.0027 
64.8443 45.0087 
64.1882 45.1802 
63.8353 45.5045 
0 0 
0 0 
0 0 
0 0 
0 0 
0 0 
63.5759 54.3445 
64.6908 55.5946 
0 0 
0 0 
0 0 
0 0 
0 0 
0 0 
0 0 
0 0 
65.3961 63.0534 
65.3888 62.4147 
0 0 
0 0 
0 0 
0 0 
0 0 
0 0 
65.7512 66.0351 
64.9564 68.7872 
0 0 
0 0 
0 0 
0 0 
0 0 
0 0 
0 0 
0 0 
0 0 
65.0289 70.385 
65.1674 69.829 
0 0 
0 0 
0 0 
0 0 
65.8988 80.3745 
64.7718 80.0435 
65.1996 81.8795 
0 0 
0 0 
0 0 
0 0 
0 0 
0 0 
64.2871 95.7276 
64.9574 96.4318 
63.7622 101.306 
65.1055 99.7998 
65.2673 100.012 
65.6507 98.0764 
65.9324 102.547 
65.4571 102.009 
65.5572 106.024 
66.3639 101.827 
66.0152 105.999 
65.8046 107.421 
65.7667 108.267 
0 0 
0 0 
0 0 
0 0 
0 0 
0 0 
0 0 
0 0 
0 0 
0 0 
66.5867 116.101 
68.3315 125.585 
64.7857 121.201 
0 0 
0 0 
0 0 
66.1826 115.825 
63.5477 110.457 
63.4059 96.6834 
64.5071 87.1617 
64.5552 95.3654 
63.7289 85.4843 
0 0 
0 0 
64.3257 87.5945 
64.9056 84.6144 
64.5856 92.8983 
0 0 
0 0 
0 0 
63.8905 92.5513 
64.9991 92.3206 
0 0 
0 0 
0 0 
62.7619 110.723 
62.9076 113.073 
62.3788 115.79 
61.9217 115.676 
0 0 
0 0 
0 0 
0 0 
59.4432 128.657 
57.77 130.056 
57.6452 131.244 
57.4017 130.353 
57.1444 132.387 
56.4131 132.056 
56.2494 131.671 
56.0862 132.424 
56.2689 131.746 
56.1292 132.412 
56.1685 133.751 
56.1333 133.981 
55.9884 134.803 
55.6509 136.023 
56.2829 136.118 
56.2212 137.018 
56.0453 137.524 
0 0 
0 0 
0 0 
56.9861 139.522 
56.9891 140.404 
57.0076 140.763 
57.1733 141.499 
57.1574 141.178 
57.2433 142.927 
57.4692 142.398 
57.7431 143.174 
57.8736 143.081 
57.8921 144.311 
58.119 145.117 
58.281 146.047 
58.7629 147.029 
58.5197 149.039 
0 0 
0 0 
0 0 
0 0 
0 0 
0 0 
0 0 
58.2044 163.074 
58.0731 164.541 
58.0153 167.152 
57.7085 168.469 
0 0 
0 0 
0 0 
0 0 
56.3843 177.743 
56.5181 180.037 
0 0 
0 0 
0 0 
0 0 
54.3221 187.393 
54.1632 188.403 
53.6992 189.728 
0 0 
0 0 
0 0 
0 0 
51.046 195.179 
50.6024 196.26 
49.9749 197.473 
49.4835 198.816 
48.9289 199.958 
0 0 
0 0 
0 0 
0 0 
0 0 
46.0495 208.599 
45.5199 208.984 
44.8332 209.736 
44.1017 211.342 
44.2692 211.719 
43.8871 212.641 
43.5956 213.292 
43.5707 214.467 
43.5644 214.016 
44.2858 215.375 
42.4613 217.679 
42.952 217.418 
41.9453 216.972 
39.1361 220.677 
36.1822 218.865 
0 0 
0 0 
0 0 
0 0 
0 0 
0 0 
0 0 
0 0 
0 0 
0 0 
0 0 
0 0 
0 0 
0 0 
0 0 
0 0 
0 0 
0 0 
0 0 
0 0 
0 0 
0 0 
0 0 
0 0 
0 0 
0 0 
0 0 
0 0 
0 0 
0 0 
0 0 
0 0 
0 0 
0 0 
0 0 
0 0 
0 0 
0 0 
0 0 
0 0 
0 0 
0 0 
0 0 
0 0 
0 0 
0 0 
0 0 
0 0 
0 0 
0 0 
0 0 
0 0 
76.7794 33.7469 
66.227 36.332 
66.2503 37.2513 
65.5149 38.1867 
64.7535 39.0782 
64.1605 40.2799 
63.827 41.6205 
63.5458 43.4185 
63.9788 44.8227 
64.4185 47.512 
64.6751 48.7667 
0 0 
0 0 
0 0 
63.8657 55.7096 
63.801 57.9623 
63.5904 59.3418 
63.6396 61.335 
63.6065 64.3508 
63.521 64.9404 
63.8146 69.3913 
63.9953 71.6713 
63.9438 76.1516 
63.7427 79.5421 
64.2647 82.4382 
64.0892 87.5814 
63.8551 92.5911 
63.3582 97.3696 
62.6347 102.246 
62.1613 106.34 
0 0 
0 0 
0 0 
0 0 
59.1342 129.442 
58.2531 134.663 
57.9978 139.674 
57.4687 143.457 
57.0932 145.744 
0 0 
0 0 
0 0 
0 0 
0 0 
0 0 
52.2137 173.126 
51.7629 175.834 
51.6968 179.114 
51.5293 180.332 
50.9172 182.962 
50.5413 185.937 
50.0344 186.605 
50.0352 189.515 
49.7125 191.063 
49.4983 193.181 
49.0291 194.198 
48.3453 196.285 
48.0128 197.398 
47.7457 198.022 
47.2475 199.068 
46.777 200.355 
46.1329 201.942 
46.0476 202.27 
45.694 203.329 
45.1901 204.809 
45.0415 205.933 
44.9745 207.071 
44.7437 208.294 
44.4684 209.266 
44.1256 210.241 
43.2633 212.394 
42.6476 213.56 
42.5915 214.559 
41.9157 215.492 
41.6188 215.867 
41.2729 217.388 
42.512 216.604 
42.7999 214.934 
38.7179 210.467 
41.9078 207.221 
59.4928 195.227 
0 0 
0 0 
0 0 
0 0 
0 0 
0 0 
0 0 
0 0 
0 0 
0 0 
0 0 
0 0 
0 0 
0 0 
0 0 
0 0 
0 0 
0 0 
0 0 
0 0 
0 0 
0 0 
0 0 
0 0 
0 0 
0 0 
0 0 
0 0 
0 0 
0 0 
0 0 
0 0 
0 0 
0 0 
0 0 
0 0 
0 0 
0 0 
0 0 
0 0 
0 0 
0 0 
0 0 
0 0 
0 0 
0 0 
69.5036 39.2653 
67.7669 40.0547 
66.5087 37.8413 
64.9215 38.6338 
64.4149 39.7475 
64.2695 41.76 
63.9899 41.8817 
63.9699 43.9566 
64.5333 46.0414 
64.7152 48.0042 
64.9346 50.7798 
64.833 51.2372 
64.4101 53.4415 
64.2257 54.7989 
64.1363 55.8319 
64.1207 58.534 
64.0203 59.765 
64.0839 62.2951 
64.132 64.8612 
64.4671 68.3568 
64.5784 70.8434 
64.2691 75.1911 
64.7586 77.7461 
0 0 
0 0 
0 0 
0 0 
0 0 
62.5983 111.298 
62.0163 116.374 
0 0 
0 0 
0 0 
60.1965 132.462 
59.6474 137.965 
59.8937 141.018 
0 0 
0 0 
0 0 
57.7425 153.958 
57.1744 157.524 
56.8261 161.518 
56.046 163.965 
55.8304 165.695 
55.1104 168.533 
54.9097 170.9 
54.6947 174.317 
54.0748 176.415 
53.7214 179.54 
53.3611 181.823 
52.8175 183.75 
52.8094 185.076 
52.3333 187.488 
51.755 190.879 
51.4623 191.441 
51.0301 192.937 
0 0 
0 0 
0 0 
0 0 
49.7958 198.768 
49.3008 200.477 
49.5187 201.48 
49.6654 201.789 
49.0502 204.076 
48.5041 205.623 
47.8635 207.152 
47.1545 208.398 
46.361 209.345 
45.4733 211.326 
44.3904 212.621 
43.4741 213.171 
44.6829 213.283 
43.1709 214.947 
45.077 213.04 
46.0228 209.233 
47.169 201.381 
46.7405 198.116 
59.4928 195.227 
0 0 
0 0 
0 0 
0 0 
0 0 
0 0 
0 0 
0 0 
0 0 
0 0 
0 0 
0 0 
0 0 
0 0 
0 0 
0 0 
0 0 
0 0 
0 0 
0 0 
0 0 
0 0 
0 0 
0 0 
0 0 
0 0 
0 0 
0 0 
0 0 
0 0 
0 0 
0 0 
0 0 
0 0 
0 0 
0 0 
0 0 
0 0 
0 0 
0 0 
0 0 
0 0 
0 0 
0 0 
68.3604 33.6403 
66.8669 37.1761 
65.4699 38.2336 
64.356 38.2238 
64.0864 38.2132 
63.6537 39.6281 
63.7595 40.9401 
63.4703 42.2562 
63.8948 44.1567 
64.3757 45.9656 
64.747 47.8852 
64.5708 49.4582 
64.6597 50.7306 
64.5069 51.9588 
64.2388 52.8206 
64.0845 54.2751 
63.9954 54.9898 
63.7955 55.5195 
63.7436 55.8124 
63.3795 56.6585 
63.2373 56.9026 
63.5433 56.883 
63.3897 57.924 
0 0 
0 0 
0 0 
64.369 62.9628 
64.3635 65.3851 
64.7163 69.3014 
64.2979 76.1481 
63.411 82.0545 
0 0 
0 0 
0 0 
62.1605 100.705 
61.948 105.194 
61.419 110.824 
0 0 
0 0 
0 0 
59.5401 127.102 
58.7324 130.414 
58.1173 135.571 
58.0751 137.979 
0 0 
0 0 
0 0 
0 0 
0 0 
0 0 
53.6685 171.197 
53.2734 176.59 
52.292 179.972 
52.2667 183.355 
51.7826 185.788 
51.2367 189.855 
51.0369 192.353 
50.7444 194.16 
50.3484 196.033 
49.8249 198.235 
49.3226 199.43 
49.3185 200.208 
48.6414 202.498 
48.5736 203.738 
48.1012 205.671 
47.6745 206.122 
46.9615 207.733 
46.222 209.21 
45.2829 211.481 
44.5924 212.461 
43.9009 213.512 
43.3111 214.095 
42.5649 214.563 
42.5519 216.196 
42.5673 216.86 
43.832 215.57 
42.922 215.022 
39.5019 207.621 
42.1971 195.227 
0 0 
0 0 
0 0 
0 0 
0 0 
0 0 
0 0 
0 0 
0 0 
0 0 
0 0 
0 0 
0 0 
0 0 
0 0 
0 0 
0 0 
0 0 
0 0 
0 0 
0 0 
0 0 
0 0 
0 0 
0 0 
0 0 
0 0 
0 0 
0 0 
0 0 
0 0 
0 0 
0 0 
0 0 
0 0 
0 0 
0 0 
0 0 
0 0 
0 0 
0 0 
0 0 
0 0 
0 0 
0 0 
0 0 
66.6716 39.4672 
65.6735 37.9928 
64.9975 39.1066 
64.6298 39.4766 
64.5426 41.1701 
64.5236 42.4337 
64.6448 43.9905 
65.414 46.2857 
65.2659 48.9942 
65.3469 50.9528 
65.5323 52.0214 
65.543 52.6848 
65.2449 53.9257 
65.0161 54.5291 
64.7673 55.2687 
64.5956 57.2546 
64.5024 59.4634 
64.4242 60.1513 
64.4956 61.5173 
64.3101 62.9149 
64.588 65.5728 
64.9018 67.2329 
64.4328 70.7936 
65.0354 74.5304 
64.8429 79.0025 
64.5314 83.3016 
64.3086 88.2561 
63.6541 93.8421 
0 0 
0 0 
0 0 
61.247 114.446 
60.7459 119.335 
59.5065 124.843 
0 0 
0 0 
0 0 
0 0 
57.1538 144.957 
0 0 
0 0 
0 0 
55.1453 163.228 
54.001 165.478 
54.2143 168.211 
53.5488 172.571 
52.968 175.497 
52.7792 178.578 
52.4274 182.776 
51.9418 184.942 
51.3722 188.141 
50.8803 189.988 
50.7097 191.843 
50.2727 193.478 
49.6295 195.088 
49.246 196.967 
48.5645 198.437 
48.4623 198.638 
47.736 200.626 
47.4296 201.87 
46.6796 204.252 
46.7337 205.8 
46.5348 206.741 
0 0 
0 0 
0 0 
0 0 
42.5907 213.641 
0 0 
0 0 
0 0 
0 0 
0 0 
0 0 
0 0 
42.1971 195.227 
0 0 
0 0 
0 0 
0 0 
0 0 
0 0 
0 0 
0 0 
0 0 
0 0 
0 0 
0 0 
0 0 
0 0 
0 0 
0 0 
0 0 
0 0 
0 0 
0 0 
0 0 
0 0 
0 0 
0 0 
0 0 
0 0 
0 0 
0 0 
0 0 
0 0 
0 0 
0 0 
0 0 
0 0 
0 0 
0 0 
0 0 
0 0 
0 0 
0 0 
0 0 
0 0 
0 0 
0 0 
0 0 
66.172 36.8369 
65.7892 37.2278 
64.7829 38.3943 
64.4695 38.4676 
64.0665 38.827 
63.4694 40.4564 
63.4121 42.7364 
63.4173 43.543 
63.7655 44.9735 
64.244 47.7212 
64.3826 50.7054 
64.1939 51.5385 
63.9112 53.8402 
63.9536 54.7974 
63.8355 55.3291 
63.8023 56.164 
63.8586 57.6719 
63.6527 59.538 
63.8636 61.1116 
63.9381 61.8696 
64.2412 64.2844 
0 0 
0 0 
0 0 
0 0 
0 0 
0 0 
0 0 
0 0 
0 0 
0 0 
62.538 106.923 
62.1945 110.832 
61.5241 114.399 
61.3456 118.407 
60.9538 121.789 
60.8212 125.104 
60.1407 128.042 
59.6498 131.577 
59.3792 133.397 
59.1186 135.866 
0 0 
0 0 
0 0 
0 0 
0 0 
55.5494 159.141 
54.9612 164.469 
0 0 
0 0 
0 0 
52.6239 180.455 
52.0433 182.432 
51.4048 185.397 
51.1137 188.389 
0 0 
0 0 
0 0 
0 0 
0 0 
0 0 
0 0 
47.8117 204.549 
47.4184 205.753 
46.806 207.174 
46.1648 209.159 
45.5842 210.697 
44.3147 212.942 
43.758 214.453 
43.5673 214.976 
43.2745 215.855 
43.0684 217.479 
42.638 217.979 
43.7035 217.334 
41.8666 219.58 
40.9523 213.314 
59.4928 195.227 
0 0 
0 0 
0 0 
0 0 
0 0 
0 0 
0 0 
0 0 
0 0 
0 0 
0 0 
0 0 
0 0 
0 0 
0 0 
0 0 
0 0 
0 0 
0 0 
0 0 
0 0 
0 0 
0 0 
0 0 
0 0 
0 0 
0 0 
0 0 
0 0 
0 0 
0 0 
0 0 
0 0 
0 0 
0 0 
0 0 
0 0 
0 0 
0 0 
0 0 
0 0 
0 0 
0 0 
0 0 
64.4526 34.5939 
64.3848 36.4963 
63.8278 37.652 
63.5799 37.7508 
62.9176 39.2109 
62.7873 40.6608 
62.5605 41.9378 
62.6973 42.8889 
62.6903 45.8341 
63.2382 48.2242 
0 0 
0 0 
0 0 
63.3835 55.0506 
62.9714 56.1963 
63.1036 57.1982 
62.913 58.166 
62.85 60.9098 
62.8839 63.2864 
63.3081 65.0226 
62.8405 70.6312 
63.3347 75.4703 
63.7493 79.2937 
64.0703 82.9828 
63.7809 89.4679 
63.4473 94.2915 
63.7764 97.7137 
62.7325 105.423 
62.5603 109.914 
61.7154 115.284 
61.2561 120.789 
60.9743 124.593 
60.9421 128.28 
60.0851 134.222 
60.1539 138.118 
59.7715 142.415 
59.7802 145.344 
59.1999 149.896 
58.7037 152.649 
58.1299 156.731 
0 0 
0 0 
0 0 
0 0 
0 0 
55.0905 172.083 
0 0 
0 0 
0 0 
0 0 
0 0 
0 0 
0 0 
51.9919 190.714 
51.3798 192.373 
0 0 
0 0 
0 0 
48.9193 199.276 
48.4054 200.547 
47.8289 201.908 
0 0 
0 0 
0 0 
46.9034 206.773 
46.7877 207.847 
46.6397 209.466 
46.6099 210.134 
46.3345 211.26 
0 0 
0 0 
0 0 
45.6701 214.338 
45.448 215.159 
45.8827 215.68 
46.3228 215.442 
44.6488 210.779 
47.596 203.545 
59.4928 195.227 
0 0 
0 0 
0 0 
0 0 
0 0 
0 0 
0 0 
0 0 
0 0 
0 0 
0 0 
0 0 
0 0 
0 0 
0 0 
0 0 
0 0 
0 0 
0 0 
0 0 
0 0 
0 0 
0 0 
0 0 
0 0 
0 0 
0 0 
0 0 
0 0 
0 0 
0 0 
0 0 
0 0 
0 0 
0 0 
0 0 
0 0 
0 0 
0 0 
0 0 
0 0 
0 0 
0 0 
0 0 
0 0 
0 0 
0 0 
0 0 
0 0 
63.5533 40.0928 
63.418 42.6596 
63.5424 43.7599 
64.0855 47.0748 
64.4285 47.7681 
64.6996 49.2148 
64.6416 51.3744 
64.5664 54.3195 
64.146 55.4869 
0 0 
0 0 
0 0 
64.5353 64.4486 
64.6136 68.1629 
64.6238 71.5332 
64.5741 75.9224 
64.4821 80.4424 
64.8148 84.9877 
65.148 91.123 
65.0744 96.7134 
65.4029 100.782 
65.1571 107.134 
64.763 113.124 
64.1415 119.852 
64.0622 123.505 
64.0552 127.693 
63.5872 135.509 
63.5034 140.479 
63.2494 146.1 
63.1577 150.936 
62.7876 154.336 
0 0 
0 0 
0 0 
0 0 
0 0 
0 0 
0 0 
0 0 
0 0 
59.0239 180.47 
58.5754 182.019 
58.4091 183.34 
0 0 
0 0 
0 0 
0 0 
56.2626 190.637 
0 0 
0 0 
0 0 
0 0 
0 0 
0 0 
0 0 
0 0 
0 0 
51.9356 201.882 
51.6906 203.691 
0 0 
0 0 
0 0 
0 0 
0 0 
0 0 
0 0 
0 0 
0 0 
0 0 
0 0 
0 0 
0 0 
61.722 198.671 
0 0 
0 0 
0 0 
0 0 
0 0 
0 0 
0 0 
0 0 
0 0 
0 0 
0 0 
0 0 
0 0 
0 0 
0 0 
0 0 
0 0 
0 0 
0 0 
0 0 
0 0 
0 0 
0 0 
0 0 
0 0 
0 0 
0 0 
0 0 
0 0 
0 0 
0 0 
0 0 
0 0 
0 0 
0 0 
0 0 
0 0 
0 0 
0 0 
0 0 
0 0 
0 0 
0 0 
0 0 
0 0 
65.5242 38.859 
64.0385 37.9196 
63.8291 38.3565 
63.1649 39.2634 
63.1485 41.0768 
62.7913 42.5745 
63.169 44.0821 
63.713 46.2923 
63.5271 49.0152 
63.8572 51.6322 
63.5577 53.7888 
63.75 55.5711 
63.5654 55.5068 
63.7095 57.4326 
0 0 
0 0 
63.6228 62.2066 
63.8097 65.2561 
64.5425 65.3394 
64.6538 70.6013 
64.9603 72.796 
65.6677 76.0983 
0 0 
0 0 
0 0 
0 0 
0 0 
66.0628 97.1024 
65.6077 102.323 
65.321 107.052 
64.5715 111.579 
63.8357 117.108 
63.6326 120.893 
63.476 124.375 
63.3053 128.118 
62.6567 132.948 
62.5506 134.91 
62.1005 139.619 
61.7681 141.451 
61.2729 143.988 
60.6149 145.701 
60.4215 148.716 
59.977 152.816 
59.3427 156.797 
58.3586 161.37 
57.9353 162.649 
57.0568 167.266 
56.1835 171.737 
56.1678 174.934 
55.7977 178.572 
55.1651 181.319 
0 0 
0 0 
0 0 
53.1548 191.78 
52.0915 194.034 
51.6587 195.399 
50.8318 197.53 
0 0 
0 0 
0 0 
0 0 
0 0 
0 0 
0 0 
0 0 
0 0 
45.6406 210.337 
44.6372 212.094 
43.8191 213.355 
43.4363 213.996 
43.0359 214.018 
42.7977 215.002 
0 0 
0 0 
42.0106 212.565 
46.8862 205.383 
39.6609 205.742 
53.9077 195.227 
0 0 
0 0 
0 0 
0 0 
0 0 
0 0 
0 0 
0 0 
0 0 
0 0 
0 0 
0 0 
0 0 
0 0 
0 0 
0 0 
0 0 
0 0 
0 0 
0 0 
0 0 
0 0 
0 0 
0 0 
0 0 
0 0 
0 0 
0 0 
0 0 
0 0 
0 0 
0 0 
0 0 
0 0 
0 0 
0 0 
0 0 
0 0 
0 0 
0 0 
0 0 
0 0 
0 0 
0 0 
0 0 
0 0 
0 0 
0 0 
0 0 
66.2755 38.4518 
65.0626 39.556 
64.5676 39.8486 
63.9759 41.551 
0 0 
0 0 
0 0 
0 0 
0 0 
0 0 
0 0 
65.6364 54.343 
65.3303 55.8186 
64.9431 57.0036 
64.6253 60.0281 
64.4556 60.3573 
64.5053 63.5245 
64.1511 65.0922 
64.2176 67.8525 
64.5051 69.8713 
64.4496 73.0585 
64.5367 75.8824 
64.6495 78.8719 
64.4511 83.5732 
64.4163 86.2718 
63.825 93.2034 
63.5305 95.3789 
63.1731 99.2868 
62.3282 103.646 
61.7666 107.916 
61.4232 110.945 
0 0 
0 0 
0 0 
59.8874 123.568 
59.692 125.77 
59.2623 130.088 
58.4682 133.818 
58.0058 136.56 
57.908 138.924 
57.5461 141.476 
57.3599 144.111 
56.6468 147.826 
56.4388 150.524 
56.0644 156.028 
55.326 159.783 
54.8515 165.142 
0 0 
0 0 
0 0 
0 0 
0 0 
0 0 
51.3204 185.805 
50.6062 189.374 
50.1264 191.71 
49.7339 195.149 
48.9977 196.658 
48.2467 199.256 
47.3127 200.956 
0 0 
0 0 
0 0 
0 0 
0 0 
0 0 
42.2339 210.504 
40.9529 212.562 
39.8381 213.607 
38.7178 214.761 
38.9324 215.289 
38.3427 215.739 
39.2092 214.344 
40.1032 213.605 
39.7213 210.64 
42.729 206.835 
0 0 
0 0 
0 0 
0 0 
0 0 
0 0 
0 0 
0 0 
0 0 
0 0 
0 0 
0 0 
0 0 
0 0 
0 0 
0 0 
0 0 
0 0 
0 0 
0 0 
0 0 
0 0 
0 0 
0 0 
0 0 
0 0 
0 0 
0 0 
0 0 
0 0 
0 0 
0 0 
0 0 
0 0 
0 0 
0 0 
0 0 
0 0 
0 0 
0 0 
0 0 
0 0 
0 0 
0 0 
0 0 
0 0 
0 0 
0 0 
68.2996 37.2738 
67.041 38.6546 
66.3229 38.8428 
64.7579 39.7142 
64.2842 40.7863 
63.3702 41.7483 
63.4043 42.7772 
0 0 
0 0 
0 0 
0 0 
64.9912 51.8034 
64.4093 54.4108 
64.0773 55.9776 
63.6364 57.256 
63.0459 58.1668 
62.9852 59.0057 
62.9448 59.1528 
62.4026 62.6799 
62.116 64.4587 
61.793 66.6207 
61.9717 69.5229 
62.0764 72.8025 
61.594 75.4488 
61.7098 78.033 
61.8714 81.9124 
60.904 88.2171 
0 0 
0 0 
59.5249 101.721 
58.955 106.536 
57.6934 112.063 
57.2462 116.128 
56.7501 120.018 
55.9269 123.733 
55.9171 127.339 
55.2237 133.113 
54.7855 136.593 
53.8307 139.936 
53.1351 142.75 
52.7192 145.569 
52.1127 149.866 
51.3025 155.566 
50.6677 160.815 
49.902 163.809 
49.3815 168.232 
49.3124 171.609 
48.4508 174.758 
48.0455 178.455 
47.9053 179.715 
47.4245 184.817 
47.039 187.102 
46.7497 189.47 
46.0086 192.654 
45.4399 195.852 
44.9581 198.228 
44.2409 199.96 
44.104 200.918 
43.7398 202.765 
43.262 204.149 
42.5415 205.51 
42.2146 206.671 
41.7687 207.454 
41.2356 208.613 
40.8869 209.656 
40.2549 211.114 
39.898 212.619 
0 0 
0 0 
0 0 
0 0 
36.6301 215.724 
36.8003 215.317 
38.1055 216.015 
38.2834 215.076 
37.3079 211.222 
37.0355 205.115 
37.5219 205.742 
40.5982 195.227 
21.7035 195.227 
0 0 
0 0 
0 0 
0 0 
0 0 
0 0 
0 0 
0 0 
0 0 
0 0 
0 0 
0 0 
0 0 
0 0 
0 0 
0 0 
0 0 
0 0 
0 0 
0 0 
0 0 
0 0 
0 0 
0 0 
0 0 
0 0 
0 0 
0 0 
0 0 
0 0 
0 0 
0 0 
0 0 
0 0 
0 0 
0 0 
0 0 
0 0 
0 0 
0 0 
0 0 
0 0 
0 0 
0 0 
68.4173 42.5253 
67.26 41.468 
66.2781 38.7363 
64.9303 39.6026 
64.4708 39.6194 
63.9967 40.9388 
63.7787 43.0695 
63.8169 44.1409 
64.0508 45.7417 
64.4169 48.3177 
64.8052 50.0082 
64.5353 52.9292 
64.3818 54.285 
64.1719 55.6434 
64.1329 56.9699 
64.0575 57.4265 
63.9161 57.8464 
63.554 58.7131 
63.6739 61.1752 
62.9578 62.5728 
63.1119 64.6008 
62.8612 67.2906 
62.8059 69.5324 
62.9474 71.4596 
62.1771 76.3067 
61.9264 81.4143 
61.5284 85.0952 
60.8677 89.7402 
60.4815 94.7773 
59.7681 99.9734 
58.8533 104.867 
58.4605 108.631 
57.5592 113.961 
56.5793 118.787 
55.9925 122.973 
55.1284 126.678 
54.3487 132.334 
53.3371 138.163 
52.2037 141.914 
51.3993 146.32 
51.1415 149.234 
50.0263 154.906 
49.4069 158.806 
48.9053 163.431 
48.2607 166.886 
48.0158 171.153 
47.5961 175.734 
47.1198 179.525 
46.5624 182.693 
46.0678 185.744 
45.9667 188.227 
45.7573 189.944 
45.3875 193.528 
44.8285 196.211 
44.2494 199.091 
0 0 
0 0 
0 0 
0 0 
0 0 
42.3318 206.291 
41.7813 207.522 
41.5327 208.225 
41.1264 209.502 
41.0084 210.25 
40.4389 212.032 
40.0611 213.009 
39.5715 213.906 
38.6588 215.078 
37.654 215.63 
37.386 215.937 
37.1437 216.191 
37.3668 216.691 
37.9497 216.118 
38.0535 213.639 
36.3235 211.846 
37.5188 204.955 
40.0713 199.207 
21.7035 195.227 
0 0 
0 0 
21.7035 195.227 
0 0 
0 0 
0 0 
0 0 
0 0 
0 0 
0 0 
0 0 
0 0 
0 0 
0 0 
0 0 
0 0 
0 0 
0 0 
0 0 
0 0 
0 0 
0 0 
0 0 
0 0 
0 0 
0 0 
0 0 
0 0 
0 0 
0 0 
0 0 
0 0 
0 0 
0 0 
0 0 
0 0 
0 0 
0 0 
0 0 
0 0 
0 0 
0 0 
0 0 
0 0 
0 0 
0 0 
65.2008 38.3474 
0 0 
0 0 
0 0 
0 0 
63.5769 41.7883 
63.3798 43.7647 
63.8657 45.2934 
64.2023 47.3705 
64.4723 48.9167 
64.1453 50.4788 
64.3249 53.4382 
64.2641 55.4025 
64.2562 56.07 
64.3161 57.6642 
64.1734 58.5483 
64.2423 61.3465 
64.1264 63.219 
63.8509 65.6257 
64.0383 67.0414 
63.7334 70.8173 
63.7733 75.5336 
63.6875 81.6025 
63.5187 85.2393 
63.5314 88.9962 
63.5094 92.7526 
63.2353 97.3251 
63.0874 101.539 
62.5068 106.902 
61.9155 110.472 
61.5295 114.088 
61.1521 116.62 
60.5957 121.507 
60.2736 125.421 
59.7572 127.958 
59.5822 131.536 
58.7725 134.439 
58.2013 137.703 
58.0451 139.447 
57.5024 143.151 
57.0142 146.435 
56.7306 148.312 
56.1558 152.535 
56.0264 156.554 
55.5701 161.06 
54.8813 163.444 
54.5377 166.968 
53.9552 170.696 
53.179 174.866 
52.1916 178.23 
52.0343 180.899 
51.8246 183.441 
51.4407 187.648 
51.1638 189.583 
0 0 
0 0 
49.6477 197.009 
49.0239 198.979 
48.4942 200.533 
48.056 201.471 
47.6177 203.547 
47.6269 203.604 
47.5506 205.076 
47.5115 206.079 
47.1001 207.846 
46.8834 208.969 
46.2872 210.152 
45.8967 210.934 
45.0989 212.536 
44.7949 213.357 
43.8861 213.823 
44.1085 214.194 
43.6118 214.787 
44.3988 213.314 
43.7338 212.571 
45.3019 204.594 
42.1211 205.869 
45.3741 198.425 
21.7035 195.227 
0 0 
0 0 
0 0 
0 0 
0 0 
0 0 
0 0 
0 0 
0 0 
0 0 
0 0 
0 0 
0 0 
0 0 
0 0 
0 0 
0 0 
0 0 
0 0 
0 0 
0 0 
0 0 
0 0 
0 0 
0 0 
0 0 
0 0 
0 0 
0 0 
0 0 
0 0 
0 0 
0 0 
0 0 
0 0 
0 0 
0 0 
0 0 
0 0 
0 0 
0 0 
0 0 
0 0 
0 0 
65.4661 41.3118 
66.2265 40.2437 
64.8503 40.1694 
64.4569 40.6087 
64.0762 41.768 
64.0557 43.259 
63.5612 44.6924 
64.2798 47.6128 
64.3959 49.4241 
64.9565 50.0816 
64.9293 52.7253 
65.0813 55.1242 
64.5913 56.836 
64.7944 58.9532 
64.7248 60.6105 
64.4588 62.4496 
64.2302 64.7975 
64.1044 66.8372 
63.9581 70.5058 
63.8675 74.6172 
63.5468 78.5279 
63.9223 81.7261 
63.5307 87.1564 
63.7784 88.9368 
0 0 
0 0 
0 0 
0 0 
63.0165 110.429 
62.296 114.978 
61.9114 119.52 
61.2828 123.571 
0 0 
0 0 
0 0 
60.0888 136.91 
60.0679 140.317 
59.8665 142.498 
59.4555 147.059 
58.5248 151.388 
57.8381 154.625 
57.3332 156.718 
56.9352 159.804 
56.6033 162.492 
56.0879 165.091 
55.8803 168.063 
55.3982 171.504 
55.4682 173.454 
54.7518 177.961 
54.8315 180.41 
54.2648 183.066 
53.6779 185.989 
53.2597 188.338 
53.1039 190.442 
52.6258 192.399 
51.9384 194.779 
51.2639 197.075 
50.5059 198.219 
50.0813 199.686 
49.9387 200.42 
49.1761 202.028 
48.6852 203.278 
48.3548 203.782 
47.859 204.96 
47.0872 207.125 
46.975 207.515 
46.5216 209.124 
46.1275 210.036 
45.2434 211.533 
0 0 
0 0 
0 0 
43.0942 214.594 
43.632 214.495 
44.0965 213.299 
44.5671 211.812 
44.3794 210.987 
44.5953 206.296 
39.6609 205.742 
40.5982 195.227 
0 0 
0 0 
0 0 
0 0 
0 0 
0 0 
0 0 
0 0 
0 0 
0 0 
0 0 
0 0 
0 0 
0 0 
0 0 
0 0 
0 0 
0 0 
0 0 
0 0 
0 0 
0 0 
0 0 
0 0 
0 0 
0 0 
0 0 
0 0 
0 0 
0 0 
0 0 
0 0 
0 0 
0 0 
0 0 
0 0 
0 0 
0 0 
0 0 
0 0 
0 0 
0 0 
0 0 
0 0 
0 0 
59.4928 195.227 
0 0 
65.8914 38.1127 
66.4025 41.6105 
66.3695 40.8432 
65.1553 40.7917 
64.8002 42.0925 
64.2251 44.5138 
64.174 47.1606 
64.4723 47.9198 
64.6652 49.6174 
64.6256 51.1488 
64.5246 53.36 
64.327 56.231 
64.1601 57.9196 
64.0301 58.5369 
63.6024 60.0904 
63.2608 60.3532 
62.6936 63.6848 
62.7348 64.8159 
62.4913 64.7657 
62.3201 67.4377 
62.2301 68.9846 
62.2571 71.716 
61.9202 75.8602 
61.5845 77.8219 
61.3716 81.1924 
61.0299 84.5566 
60.7654 89.424 
60.5861 92.9724 
60.3259 97.0585 
59.628 100.409 
59.4527 104.977 
58.7397 107.4 
58.3492 112.213 
57.9284 115.929 
57.559 118.687 
57.244 123.136 
56.5554 127.797 
55.9418 131.094 
55.1256 134.632 
54.7814 138.053 
54.2326 141.797 
53.6882 144.917 
53.2119 147.888 
52.9227 153.899 
51.7448 160.527 
0 0 
0 0 
0 0 
49.2542 177.65 
49.2236 182.855 
48.8219 186.621 
48.5816 189.75 
48.0748 192.777 
47.4635 197.767 
46.8806 199.453 
46.4472 201.922 
0 0 
0 0 
0 0 
0 0 
43.6371 208.32 
43.2104 208.733 
42.6631 209.825 
42.195 210.726 
41.159 212.217 
40.3662 213.329 
0 0 
0 0 
37.7681 215.137 
37.3377 215.575 
37.5676 215.655 
38.5473 214.673 
39.2244 211.142 
37.8483 210.168 
38.2894 207.044 
41.2852 198.958 
21.7035 195.227 
0 0 
0 0 
0 0 
21.7035 195.227 
0 0 
0 0 
0 0 
0 0 
0 0 
0 0 
0 0 
0 0 
0 0 
0 0 
0 0 
0 0 
0 0 
0 0 
0 0 
0 0 
0 0 
0 0 
0 0 
0 0 
0 0 
0 0 
0 0 
0 0 
0 0 
0 0 
0 0 
0 0 
0 0 
0 0 
0 0 
0 0 
0 0 
0 0 
0 0 
0 0 
0 0 
0 0 
0 0 
0 0 
0 0 
0 0 
65.6021 39.4631 
67.8634 41.8583 
65.4661 41.7694 
65.0194 40.8587 
64.0855 42.0084 
63.5668 43.2612 
63.4729 45.2659 
63.3537 46.1477 
64.0951 49.0548 
64.2991 50.378 
64.5645 53.1487 
64.0487 55.428 
64.0691 57.9287 
63.9184 58.7238 
63.7171 60.8955 
63.3273 62.4312 
63.4083 63.6889 
63.3153 64.1722 
63.2833 65.82 
63.0332 67.0309 
62.8088 69.9823 
62.6838 73.0084 
62.6107 75.986 
62.9143 78.7155 
62.6955 81.8945 
62.0958 87.2319 
61.7381 90.1606 
61.8376 94.4881 
61.3217 97.6111 
60.6141 101.719 
60.5993 104.643 
59.8784 108.491 
59.346 110.85 
59.1021 114.361 
58.6496 116.963 
58.3555 121.103 
57.755 124.119 
57.3599 127.51 
56.7813 131.863 
55.7486 135.426 
55.3199 138.267 
54.6137 142.298 
54.3274 145.061 
53.9929 148.153 
52.9908 154.363 
52.1931 158.645 
51.9261 164.087 
51.2497 169.818 
50.4786 174.132 
50.2838 177.451 
49.972 180.871 
49.393 184.356 
48.8073 187.575 
48.2634 189.423 
48.0793 192.903 
47.3062 196.108 
0 0 
0 0 
0 0 
45.325 204.525 
45.0538 205.023 
44.568 206.124 
44.061 207.951 
43.305 209.232 
42.7942 210.353 
42.5099 211.123 
41.7954 212.802 
40.9577 213.916 
40.4971 214.595 
39.2695 216.071 
39.0395 216.729 
38.8512 217.004 
38.5057 217.359 
0 0 
0 0 
0 0 
43.0742 208.568 
38.6916 207.595 
40.086 198.425 
0 0 
0 0 
0 0 
0 0 
0 0 
0 0 
0 0 
0 0 
0 0 
0 0 
0 0 
0 0 
0 0 
0 0 
0 0 
0 0 
0 0 
0 0 
0 0 
0 0 
0 0 
0 0 
0 0 
0 0 
0 0 
0 0 
0 0 
0 0 
0 0 
0 0 
0 0 
0 0 
0 0 
0 0 
0 0 
0 0 
0 0 
0 0 
0 0 
0 0 
0 0 
0 0 
0 0 
0 0 
0 0 
0 0 
0 0 
0 0 
68.5267 39.3332 
64.5011 42.3442 
66.1002 39.9458 
65.3194 41.9699 
65.091 42.3984 
64.6146 42.2889 
64.0555 43.633 
64.1216 45.1924 
63.9399 46.2381 
64.1947 47.5143 
64.5664 49.7758 
64.8837 51.0604 
65.3821 52.7623 
65.6286 55.4285 
66.1214 59.0342 
66.2296 60.1396 
66.236 63.3468 
65.9542 68.1368 
65.6672 71.8467 
65.9737 74.7173 
65.8774 76.6132 
65.9333 80.753 
65.3341 86.8176 
65.0468 92.6024 
64.9635 95.3913 
64.7955 100.648 
64.7377 103.741 
64.5573 106.99 
63.9697 110.613 
63.6212 114.016 
63.3554 117.883 
63.3258 121.094 
63.5908 123.435 
63.2698 125.831 
62.8808 128.81 
62.7119 131.494 
62.781 134.596 
62.7393 136.062 
62.358 139.368 
61.7249 142.024 
61.17 144.05 
60.7743 145.173 
60.8384 145.939 
60.6145 146.649 
60.4149 147.458 
60.0579 147.713 
60.0261 147.994 
59.4822 148.53 
59.4923 149.052 
59.3638 149.146 
59.0804 149.821 
59.0324 149.959 
58.9863 150.897 
58.6816 151.988 
58.4918 153.334 
58.2922 155.346 
58.1512 155.635 
58.002 155.798 
57.584 157.753 
57.3632 158.706 
57.3313 159.271 
57.231 159.767 
57.1615 161.043 
56.9931 160.366 
56.7483 161.121 
56.7992 160.328 
56.4857 162.781 
56.6157 162.32 
56.7404 160.222 
56.7326 160.42 
57.0391 158.409 
56.7685 158.821 
56.5035 158.693 
56.8813 157.912 
56.5266 158.156 
56.5915 157.149 
56.14 157.921 
56.3744 156.413 
56.2716 156.859 
55.7605 157.374 
55.4381 157.65 
55.9516 156.606 
55.106 158.335 
54.5067 161.786 
54.614 160.979 
53.5216 165.248 
0 0 
0 0 
0 0 
0 0 
0 0 
0 0 
0 0 
0 0 
51.0418 162.743 
50.9535 159.548 
51.2313 157.447 
50.5386 159.047 
50.9538 159.316 
51.1153 156.545 
50.356 157.459 
50.5622 154.72 
50.6989 151.969 
50.8886 151.665 
50.0839 150.051 
50.0163 146.185 
49.4908 146.117 
49.8634 144.294 
49.1597 143.776 
49.0219 141.419 
49.3854 140.019 
49.5332 140.856 
49.4053 136.528 
49.286 134.332 
49.2415 133.887 
49.9239 131.624 
50.1394 130.067 
49.3762 128.982 
50.3608 126.854 
49.571 123.684 
49.7331 121.242 
49.7191 121.737 
50.2331 118.905 
50.2793 118.6 
50.1544 119.658 
49.5614 118.322 
50.4851 115.974 
50.1413 116.209 
50.4894 116.296 
50.4486 113.829 
50.7437 113.937 
50.9178 114.873 
51.9812 111.221 
51.8649 109.27 
52.3871 110.967 
52.2553 110.735 
52.4667 110.068 
52.7283 109.476 
52.8215 111.095 
52.7533 108.823 
52.7947 109.648 
52.9386 109.918 
